snapshot_time,chart_timeframe,chart_genre,chart_year,chart_week,rank,artist_name,song_title,likes_count,play_count,comments_count,song_url,artist_url,cover_image_url,cover_image_local_path,artist_handle,artist_identity,artist_city,artist_joined_date,artist_accredited_datetime,artist_music_count,artist_fans_count,artist_following_count,artist_facebook_url,artist_instagram_url,artist_youtube_url,related_news,big_thing_appearances,genre,album_title,album_url,collaborators,description,lyrics,release_date,song_accredited_datetime,honors,is_editor_recommended,is_song_of_the_day,critic_review_url
2026-08-17 09:56:08,realtime,rock,,,1,MORE BE US,退潮,71,4975,12,https://streetvoice.com/morebeus_official/songs/874196/,https://streetvoice.com/morebeus_official/,"https://akstatic.streetvoice.com/song_covers/mo/re/morebeus_official/4Cc95H92v5bbYN2uCsnkju.jpeg?x-oss-process=image/resize,m_fixed,h_1,w_1,limit_0/resize,m_fixed,h_630,w_1200,limit_0/watermark,image_c29uZ19jb3ZlcnMvbW8vcmUvbW9yZWJldXNfb2ZmaWNpYWwvNENjOTVIOTJ2NWJiWU4ydUNzbmtqdS5qcGVnP3gtb3NzLXByb2Nlc3M9aW1hZ2UvcmVzaXplLG1fZml4ZWQsaF8zNDQsd18zNDQsbGltaXRfMA,g_nw,x_428,y_143/watermark,image_YXNzZXQvaW1hZ2VzL21ldGFpbWFnZS1zb25nLnBuZw,g_nw,x_0,y_0",images/874196.jpeg,@morebeus_official,音樂人,台灣,2025-12-01,2026-02-12 09:57,5,590,3,,https://www.instagram.com/morebeus_official/,https://www.youtube.com/@morebeus_official,「秋OUT音樂節」海外陣容驚喜加碼！日本樂團礼賛、東京製作鬼才VIDEOTAPEMUSIC、蒙古樂團NaraBara參戰|||https://blow.streetvoice.com/82661/?utm_source=streetvoice&utm_medium=profile-news-block; 2025大港開唱再公布20組陣容！黃大謙與I Mean Us合作，獻上首次音樂祭演出|||https://blow.streetvoice.com/78923/?utm_source=streetvoice&utm_medium=profile-news-block; 2024浪人祭推出全新海外陣容：西班牙文青女聲Russian Red再次訪台，kanekoayano、Science Noodles接力開唱|||https://blow.streetvoice.com/76097/?utm_source=streetvoice&utm_medium=profile-news-block,,Rock,,,,"站在沙灘上，你很難只憑一道浪，就判斷海是在漲潮還是退潮。浪花一次次漫過雙腳，又退回海裡，順勢帶走腳下幾粒沙。 退潮從不是一次帶走所有，而是在一次又一次的浪裡，無聲地讓一些東西悄悄離開。有些人的離開，也是如此。等你終於回過頭，那個曾經眼裡只有你的人，早已不在原地。 
站在沙灘上，你很難只憑一道浪，就判斷海是在漲潮還是退潮。浪花一次次漫過雙腳，又退回海裡，順勢帶走腳下幾粒沙。
退潮從不是一次帶走所有，而是在一次又一次的浪裡，無聲地讓一些東西悄悄離開。有些人的離開，也是如此。等你終於回過頭，那個曾經眼裡只有你的人，早已不在原地。","動態歌詞
風暖暖的沙灘上 靜悄悄的走在一起 好嗎 你多我一大截步伐 讓我一刻都不能停下 隨著你走 退潮帶走了我 無影無蹤 你可曾找尋過 那顆愛你的心 充滿你的眼睛 海水輕輕淹沒了 不知不覺的 風冷冷的 沙灘上 緊緊挨著走在一起 好嗎 別先走 我跟不上 你回頭 看看我 好不好嘛 好嗎 隨著你走 退潮帶走了我 無影無蹤 你可曾找尋過 那個執著著你 不是你就不行 海水輕輕淹沒了 無跡可循的 你走 別假裝在乎我 是我 讓真相如此赤裸 別找回我的心 別看向我眼睛 海水輕輕淹沒了 重重墜落的 我 
風暖暖的沙灘上 靜悄悄的走在一起 好嗎 你多我一大截步伐 讓我一刻都不能停下
隨著你走 退潮帶走了我 無影無蹤 你可曾找尋過 那顆愛你的心 充滿你的眼睛 海水輕輕淹沒了 不知不覺的
風冷冷的 沙灘上 緊緊挨著走在一起 好嗎 別先走 我跟不上 你回頭 看看我 好不好嘛 好嗎
隨著你走 退潮帶走了我 無影無蹤 你可曾找尋過 那個執著著你 不是你就不行 海水輕輕淹沒了 無跡可循的
你走 別假裝在乎我 是我 讓真相如此赤裸 別找回我的心 別看向我眼睛 海水輕輕淹沒了 重重墜落的 我
留言（ 12 ） 最相關留言 所有留言
留言（ 12 ）",2026-08-12,,編輯推薦,True,False,
2026-08-17 09:56:08,realtime,rock,,,2,陳星甫,墜落的夢鏡中有你也有我,56,33265,107,https://streetvoice.com/billowing_sea_0d/songs/869559/,https://streetvoice.com/billowing_sea_0d/,"https://akstatic.streetvoice.com/song_covers/bi/ll/billowing_sea_0d/ZWwuKDfm8TeacbAXGBgvgE.jpeg?x-oss-process=image/resize,m_fixed,h_1,w_1,limit_0/resize,m_fixed,h_630,w_1200,limit_0/watermark,image_c29uZ19jb3ZlcnMvYmkvbGwvYmlsbG93aW5nX3NlYV8wZC9aV3d1S0RmbThUZWFjYkFYR0JndmdFLmpwZWc_eC1vc3MtcHJvY2Vzcz1pbWFnZS9yZXNpemUsbV9maXhlZCxoXzM0NCx3XzM0NCxsaW1pdF8w,g_nw,x_428,y_143/watermark,image_YXNzZXQvaW1hZ2VzL21ldGFpbWFnZS1zb25nLnBuZw,g_nw,x_0,y_0",images/869559.jpeg,@billowing_sea_0d,音樂人,台北市,2016-09-01,2025-11-10 09:55,9,83,13,,https://www.instagram.com/docstar_sing,https://youtube.com/@docstar_sing,,,Rock,,,,"💗 這首歌和 Vast & Hazy 吉他手林易祺，花了超過400小時完成，是我目前最喜歡的一首作品。如果它讓你想起某個人、某段過去，歡迎繼續往下看~ ✨ 白天是醫師，晚上把生命裡真實發生的故事寫成歌。 陳星甫 IG✨➡️ https://www.instagram.com/docstar_sing/ 全串流平台收聽 🎧➡️https://rock-mobile.lnk.to/IJVFaI20 陳星甫🎤街聲Playlist:➡️ https://streetvoice.com/billowing_sea_0d/playlists/947508/ 🌙【《墜落的夢鏡中有你也有我》的創作故事】 這首歌寫於我當住院醫師的時期。那時候我努力遺忘、努力生活，直到某天，她毫無預警地出現在夢裡，我醒來後久久無法抽離，於是寫下了這首歌。 主歌是剛醒來的孤寂：窗簾微微飄動，床上還留著餘溫，眼前的「我們」卻早已不在。 副歌裡的「夢鏡」，既是夢，也是鏡——自己一路墜落，山的盡頭，「我們」依然存在，卻只活在夢裡。 最後唱著「夢醒了，天亮了」——白天，我們笑著假裝早已放下；夜深人靜，才知道那些沒說完的話、沒做完的夢，其實都還在心裡。 🤍這首歌，寫給那些不得不長大，卻仍在過往愛情與未竟理想之間掙扎的人。 ❤️‍🩹如果你喜歡這首歌，歡迎按下愛心、留言分享你的故事，也別忘了追蹤我，我會繼續把生命裡真實發生的故事，寫成歌，陪你一起走一段。 — 星甫 
💗 這首歌和 Vast & Hazy 吉他手林易祺，花了超過400小時完成，是我目前最喜歡的一首作品。如果它讓你想起某個人、某段過去，歡迎繼續往下看~
✨ 白天是醫師，晚上把生命裡真實發生的故事寫成歌。
陳星甫 IG✨➡️ https://www.instagram.com/docstar_sing/ 全串流平台收聽 🎧➡️https://rock-mobile.lnk.to/IJVFaI20 陳星甫🎤街聲Playlist:➡️ https://streetvoice.com/billowing_sea_0d/playlists/947508/
https://www.instagram.com/docstar_sing/
https://streetvoice.com/billowing_sea_0d/playlists/947508/
🌙【《墜落的夢鏡中有你也有我》的創作故事】 這首歌寫於我當住院醫師的時期。那時候我努力遺忘、努力生活，直到某天，她毫無預警地出現在夢裡，我醒來後久久無法抽離，於是寫下了這首歌。
主歌是剛醒來的孤寂：窗簾微微飄動，床上還留著餘溫，眼前的「我們」卻早已不在。 副歌裡的「夢鏡」，既是夢，也是鏡——自己一路墜落，山的盡頭，「我們」依然存在，卻只活在夢裡。 最後唱著「夢醒了，天亮了」——白天，我們笑著假裝早已放下；夜深人靜，才知道那些沒說完的話、沒做完的夢，其實都還在心裡。
🤍這首歌，寫給那些不得不長大，卻仍在過往愛情與未竟理想之間掙扎的人。 ❤️‍🩹如果你喜歡這首歌，歡迎按下愛心、留言分享你的故事，也別忘了追蹤我，我會繼續把生命裡真實發生的故事，寫成歌，陪你一起走一段。 — 星甫","動態歌詞
詞/曲:陳星甫 我閉上了眼睛 餘溫都還留在這裡 雨 下個不停 我看清了眼前 隨風起舞之際 我們 早已遠去 墜落的夢鏡中 有你也有我 山的盡頭有我們 墜落的夢鏡中 有你也有我 但願山的盡頭 我是那麼從容 ♪ 我睜開著眼睛 回憶都還留 在 夢裡 雨 下個不停 我看起了眼前 面容憔悴的你 我們 早已 遠去 墜落的夢鏡中 有你也有我 山的盡頭 有我們 墜落的夢鏡中 有你也有我 但願山的盡頭 我是那麼從容 墜落的夢鏡中 有你也有我 但願夢的盡頭 天亮了 ♪ 黎明 在沒有你的陽光裡 狂喜著 喧鬧著 偽裝著 夜裡 我檢討著過去的 自己 大哭著 拼湊著 偽裝著 告訴自己 天亮了、夢醒了 請喚醒我吧 
詞/曲:陳星甫 我閉上了眼睛 餘溫都還留在這裡 雨 下個不停 我看清了眼前 隨風起舞之際 我們 早已遠去 墜落的夢鏡中 有你也有我 山的盡頭有我們 墜落的夢鏡中 有你也有我 但願山的盡頭 我是那麼從容 ♪ 我睜開著眼睛 回憶都還留 在 夢裡 雨 下個不停 我看起了眼前 面容憔悴的你 我們 早已 遠去 墜落的夢鏡中 有你也有我 山的盡頭 有我們 墜落的夢鏡中 有你也有我 但願山的盡頭 我是那麼從容 墜落的夢鏡中 有你也有我 但願夢的盡頭 天亮了 ♪ 黎明 在沒有你的陽光裡 狂喜著 喧鬧著 偽裝著 夜裡 我檢討著過去的 自己 大哭著 拼湊著 偽裝著 告訴自己 天亮了、夢醒了 請喚醒我吧
留言（ 107 ） 最相關留言 所有留言
留言（ 107 ）",2026-07-29,,,False,False,
2026-08-17 09:56:08,realtime,rock,,,3,烈鷹,我們在玩麥塊,4,2770,1,https://streetvoice.com/LieYing/songs/874524/,https://streetvoice.com/LieYing/,"https://akstatic.streetvoice.com/song_covers/Li/eY/LieYing/DHQ2cXRzKRhPgHVDKHtS9F.jpeg?x-oss-process=image/resize,m_fixed,h_1,w_1,limit_0/resize,m_fixed,h_630,w_1200,limit_0/watermark,image_c29uZ19jb3ZlcnMvTGkvZVkvTGllWWluZy9ESFEyY1hSektSaFBnSFZES0h0UzlGLmpwZWc_eC1vc3MtcHJvY2Vzcz1pbWFnZS9yZXNpemUsbV9maXhlZCxoXzM0NCx3XzM0NCxsaW1pdF8w,g_nw,x_428,y_143/watermark,image_YXNzZXQvaW1hZ2VzL21ldGFpbWFnZS1zb25nLnBuZw,g_nw,x_0,y_0",images/874524.jpeg,@LieYing,音樂人,,,2025-09-08 17:23,7,276,,,https://www.instagram.com/lieying.lieying/,https://www.youtube.com/@lieying.lieying,INFERNAL CHAOS、Sacred Purge、暴行終止、烈鷹參戰「2025團結英雄會」！明年1/4於LIVE WAREHOUSE再次集結|||https://blow.streetvoice.com/77434/?utm_source=streetvoice&utm_medium=profile-news-block; 2026台灣祭4/3、4/4、4/5墾丁登場！三日全陣容、演出時間表大公開！|||https://blow.streetvoice.com/86817/?utm_source=streetvoice&utm_medium=profile-news-block; Triple Deer睽違7年攜新作《SOWAL》回歸！主唱Miko探索族語音樂之境|||https://blow.streetvoice.com/79742/?utm_source=streetvoice&utm_medium=profile-news-block,,Rock,,,,"挖礦，我們在挖礦 不要跟我講話，媽的發卡 我們在挖礦 
挖礦，我們在挖礦 不要跟我講話，媽的發卡 我們在挖礦","動態歌詞
Mining We are mining Don't talk to me motherfucker We are mining Mining We are mining Don't talk to me motherfucker We are mining Mining We are mining Don't talk to me motherfucker We are mining Mining We are mining Don't talk to me motherfucker We are mining 我們在玩麥塊 我們在玩麥塊 
Mining We are mining Don't talk to me motherfucker We are mining Mining We are mining Don't talk to me motherfucker We are mining Mining We are mining Don't talk to me motherfucker We are mining Mining We are mining Don't talk to me motherfucker We are mining 我們在玩麥塊 我們在玩麥塊
留言（ 1 ） 最相關留言 所有留言
留言（ 1 ）",2026-08-14,,,False,False,
2026-08-17 09:56:08,realtime,rock,,,4,好大一把勇者劍,Kaze_404,47,4041,7,https://streetvoice.com/SWORDS_OF_BRAVE/songs/871904/,https://streetvoice.com/SWORDS_OF_BRAVE/,"https://akstatic.streetvoice.com/song_covers/SW/OR/SWORDS_OF_BRAVE/GpVoHAavpu3yYs7D7zZSYH.jpeg?x-oss-process=image/resize,m_fixed,h_1,w_1,limit_0/resize,m_fixed,h_630,w_1200,limit_0/watermark,image_c29uZ19jb3ZlcnMvU1cvT1IvU1dPUkRTX09GX0JSQVZFL0dwVm9IQWF2cHUzeVlzN0Q3elpTWUguanBlZz94LW9zcy1wcm9jZXNzPWltYWdlL3Jlc2l6ZSxtX2ZpeGVkLGhfMzQ0LHdfMzQ0LGxpbWl0XzA,g_nw,x_428,y_143/watermark,image_YXNzZXQvaW1hZ2VzL21ldGFpbWFnZS1zb25nLnBuZw,g_nw,x_0,y_0",images/871904.jpeg,@SWORDS_OF_BRAVE,音樂人,台中市,2021-01-01,2022-08-02 17:40,5,365,4,https://www.facebook.com/%E5%A5%BD%E5%A4%A7%E4%B8%80%E6%8A%8A%E5%8B%87%E8%80%85%E5%8A%8Dswords-of-brave-104728762217398,https://www.instagram.com/swords_of_brave/,https://www.youtube.com/channel/UCby1fO8wl5hDuH-elV3ZzZg,好大一把勇者劍推出新單曲〈伊迪爾特Idiot〉 巡迴現場剪輯成紀實MV|||https://blow.streetvoice.com/84759/?utm_source=streetvoice&utm_medium=profile-news-block; 好大一把勇者劍釋出新曲〈Wanna Go〉 展開首次北中南專場巡演|||https://blow.streetvoice.com/82752/?utm_source=streetvoice&utm_medium=profile-news-block; 大象體操吉他手張凱翔攜手2026諸羅搖滾 舉辦「嘉義新聲徵選」培育台灣新世代音樂人才|||https://blow.streetvoice.com/89534/?utm_source=streetvoice&utm_medium=profile-news-block,,Rock,,,,"作曲 COMPOSER｜好大一把勇者劍 作詞 LYRICIST｜好大一把勇者劍 編曲 ARRANGEMENT｜好大一把勇者劍 演唱 VOCAL｜張博淮 電吉他 ELECTRIC GUITAR｜黃浩銓・梁博涵 鼓 DRUMS｜張晉嘉 電貝斯 BASS｜劉語婕 
作曲 COMPOSER｜好大一把勇者劍 作詞 LYRICIST｜好大一把勇者劍 編曲 ARRANGEMENT｜好大一把勇者劍 演唱 VOCAL｜張博淮 電吉他 ELECTRIC GUITAR｜黃浩銓・梁博涵 鼓 DRUMS｜張晉嘉 電貝斯 BASS｜劉語婕","確定嗎 就到此為止嗎 有我的劇情 要在這裡停下 但如果活的和昨天一樣 不如就停吧 再多走一步太沉重 再多想一次太心痛 誰走來 誰走過 誰的回憶走不動 不想愛 不想痛 卻不想讓心臟沉默 誰的債 誰的錯 誰都來不及回頭 不想裝作想通 裝作看破 一二三   就回頭 最後一眼 曾經犯的錯 不想逐漸麻痺 逐漸變木頭 四五六   抬起頭 不管月球或海中 讓我邁開雙腳讓我追逐風 怎麼更改 無法更改 那天 還是 常浮現的瞬間 常定格在   你落下的 碎片 像片 大霧模糊視線 找阿找 找方法 塗改痛的原貌 逃阿逃 夢裡都 難躲回憶喧囂 找阿找 找大雨 想解後悔燃燒 找不到 逃不了 一二三   就回頭 最後一眼犯的錯 不想逐漸麻痺 逐漸變木頭 四五六   抬起頭 不管月球或海中 讓我邁開雙腳讓我 
確定嗎 就到此為止嗎 有我的劇情 要在這裡停下
但如果活的和昨天一樣 不如就停吧
再多走一步太沉重 再多想一次太心痛
誰走來 誰走過 誰的回憶走不動
不想愛 不想痛 卻不想讓心臟沉默
誰的債 誰的錯 誰都來不及回頭
不想裝作想通 裝作看破
一二三   就回頭 最後一眼 曾經犯的錯 不想逐漸麻痺 逐漸變木頭
四五六   抬起頭 不管月球或海中 讓我邁開雙腳讓我追逐風
怎麼更改 無法更改 那天 還是 常浮現的瞬間
常定格在   你落下的 碎片 像片 大霧模糊視線
找阿找 找方法 塗改痛的原貌 逃阿逃 夢裡都 難躲回憶喧囂 找阿找 找大雨 想解後悔燃燒 找不到 逃不了
一二三   就回頭 最後一眼犯的錯 不想逐漸麻痺 逐漸變木頭
四五六   抬起頭 不管月球或海中 讓我邁開雙腳讓我
留言（ 7 ） 最相關留言 所有留言
留言（ 7 ）",2026-08-09,,編輯推薦,True,False,
2026-08-17 09:56:08,realtime,rock,,,5,Yo Chen,不在意,93,6931,12,https://streetvoice.com/s8817012011/songs/869352/,https://streetvoice.com/s8817012011/,"https://akstatic.streetvoice.com/song_covers/s8/81/s8817012011/kebDX8bwYE5mh9MZp3UzJc.jpeg?x-oss-process=image/resize,m_fixed,h_1,w_1,limit_0/resize,m_fixed,h_630,w_1200,limit_0/watermark,image_c29uZ19jb3ZlcnMvczgvODEvczg4MTcwMTIwMTEva2ViRFg4YndZRTVtaDlNWnAzVXpKYy5qcGVnP3gtb3NzLXByb2Nlc3M9aW1hZ2UvcmVzaXplLG1fZml4ZWQsaF8zNDQsd18zNDQsbGltaXRfMA,g_nw,x_428,y_143/watermark,image_YXNzZXQvaW1hZ2VzL21ldGFpbWFnZS1zb25nLnBuZw,g_nw,x_0,y_0",images/869352.jpeg,@s8817012011,音樂人,台北市,2011-12-01,2021-09-27 15:35,12,122,2,https://www.facebook.com/theMetalspeaker,https://www.instagram.com/_yochen/,https://www.youtube.com/@yochen3590,香港樂團 Another Kitchen 首張專輯《Do What You Love》發表音樂會|||https://blow.streetvoice.com/8395/?utm_source=streetvoice&utm_medium=profile-news-block; 2026浪人祭公布新一波陣容：國蛋重返家鄉開唱、日本樂團OGRE YOU ASSHOLE首登安平|||https://blow.streetvoice.com/89363/?utm_source=streetvoice&utm_medium=profile-news-block; 「PARK PARK@Tokyo」把現在的台灣音樂帶到東京！鄭宜農、陳珊妮、生祥樂隊、YELLOW黃宣、LÜCY接力登上東京舞台|||https://blow.streetvoice.com/87721/?utm_source=streetvoice&utm_medium=profile-news-block,,Rock,我的人生 Master of None,https://streetvoice.com/s8817012011/songs/album/97325613/,,"人生哪可能項項攏順勢。 失敗、孤獨、自我懷疑，都成為成長過程中的一部分。 真正的不在意，不是冷漠，而是經歷過很多事後，依然願意守住內心最初的夢。 「我的夢，一直攏底加。」 這句話，比任何豪言壯語都更加堅定。 有些人長大以後，早就迷失在這大人的世界裡。 而有些人，即使受傷、迷惘、跌跌撞撞，依然繼續往前走。 
人生哪可能項項攏順勢。 失敗、孤獨、自我懷疑，都成為成長過程中的一部分。 真正的不在意，不是冷漠，而是經歷過很多事後，依然願意守住內心最初的夢。 「我的夢，一直攏底加。」 這句話，比任何豪言壯語都更加堅定。 有些人長大以後，早就迷失在這大人的世界裡。 而有些人，即使受傷、迷惘、跌跌撞撞，依然繼續往前走。","其實我 常常夢見 彼段唔知啥叫憂愁的日子 後來我 戈洪叫醒 繼續一天一天傻傻過日子 但我漸漸了解 我愛的是什麼 我知我自己是一定不放棄 外面的風雨咖大我不在意 雖然這個過程傷透我欸心 但人生啊 哪有可能項項都順勢 我的夢 一直攏底加 今罵欸我 什麼攏不驚 其實我 常常夢見 彼段唔知啥叫憂愁的日子 後來我 戈洪叫醒 繼續一天一天傻傻過日子 但我漸漸了解 我愛的是什麼 我知我自己是一定不放棄 外面的風雨咖大我不在意 雖然這個過程傷透我欸心 但人生啊 哪有可能項項都順勢 我的夢 一直攏底加 今罵欸我 什麼攏不驚 不肯放過我自己 所以來開始問自己 到底這是啥意義 啊啊啊 彼段黑暗的日子 暫時攏麥擱再提起 欲出去 走找彼個流浪的心 我知我自己是一定不放棄 外面的風雨咖大我不在意 雖然這個過程傷透我欸心 但人生啊 哪有可能項項都順勢 我的夢 一直攏底加 今罵欸我 什麼攏不驚 
其實我 常常夢見 彼段唔知啥叫憂愁的日子 後來我 戈洪叫醒 繼續一天一天傻傻過日子 但我漸漸了解 我愛的是什麼
我知我自己是一定不放棄 外面的風雨咖大我不在意 雖然這個過程傷透我欸心 但人生啊 哪有可能項項都順勢 我的夢 一直攏底加 今罵欸我 什麼攏不驚
其實我 常常夢見 彼段唔知啥叫憂愁的日子 後來我 戈洪叫醒 繼續一天一天傻傻過日子 但我漸漸了解 我愛的是什麼
我知我自己是一定不放棄 外面的風雨咖大我不在意 雖然這個過程傷透我欸心 但人生啊 哪有可能項項都順勢 我的夢 一直攏底加 今罵欸我 什麼攏不驚
不肯放過我自己 所以來開始問自己 到底這是啥意義 啊啊啊 彼段黑暗的日子 暫時攏麥擱再提起 欲出去 走找彼個流浪的心
我知我自己是一定不放棄 外面的風雨咖大我不在意 雖然這個過程傷透我欸心 但人生啊 哪有可能項項都順勢 我的夢 一直攏底加 今罵欸我 什麼攏不驚
留言（ 12 ） 最相關留言 所有留言
留言（ 12 ）",2026-07-14,,Song of the Day; 達人推薦; 編輯推薦,True,True,https://streetvoice.com/s8817012011/songs/869352/critic_reviews/
2026-08-17 09:56:08,realtime,rock,,,6,漂流木DriftWood,處男情歌,5,714,0,https://streetvoice.com/DriftWood/songs/871254/,https://streetvoice.com/DriftWood/,"https://akstatic.streetvoice.com/song_covers/Dr/if/DriftWood/bSZCMPNwg9uNoaF3FAXHDF.jpeg?x-oss-process=image/resize,m_fixed,h_1,w_1,limit_0/resize,m_fixed,h_630,w_1200,limit_0/watermark,image_c29uZ19jb3ZlcnMvRHIvaWYvRHJpZnRXb29kL2JTWkNNUE53Zzl1Tm9hRjNGQVhIREYuanBlZz94LW9zcy1wcm9jZXNzPWltYWdlL3Jlc2l6ZSxtX2ZpeGVkLGhfMzQ0LHdfMzQ0LGxpbWl0XzA,g_nw,x_428,y_143/watermark,image_YXNzZXQvaW1hZ2VzL21ldGFpbWFnZS1zb25nLnBuZw,g_nw,x_0,y_0",images/871254.jpeg,@DriftWood,音樂人,,,,7,26,,,,https://www.youtube.com/user/StreetVoiceTV,,,Rock,Loyal Misser,https://streetvoice.com/DriftWood/songs/album/97325767/,,"音樂製作 Music Credit : 製作人 producer | Jesko 作詞 Lyricist | 242 作曲 Composer | Jesko 編曲 Arranger | 漂流木DriftWood 人聲Vocal | 242 黃品智 電吉他 Electric Guitar | Jesko 242 貝斯 Bass | 張嘉樂 鼓 Drums | 高宇 和聲編寫 Backing Vocal Arranger | 242 黃品智 人聲錄音室 Vocal Recording Studio | 頂樓RoofTop Studio 樂器錄音師 Instruments Recording Engineer | Jesko 樂器錄音室 Instruments Recording Studio | 頂樓RoofTop Studio 混音師 Mixing Engineer | Jesko 混音工作室 Mixing Studio | 頂樓RoofTop Studio 母帶後期工程師 Mastering Engineer | Jesko 母帶後期錄音室 Mastering Studio | 頂樓RoofTop Studio 
音樂製作 Music Credit : 製作人 producer | Jesko 作詞 Lyricist | 242 作曲 Composer | Jesko 編曲 Arranger | 漂流木DriftWood 人聲Vocal | 242 黃品智 電吉他 Electric Guitar | Jesko 242 貝斯 Bass | 張嘉樂 鼓 Drums | 高宇 和聲編寫 Backing Vocal Arranger | 242 黃品智 人聲錄音室 Vocal Recording Studio | 頂樓RoofTop Studio 樂器錄音師 Instruments Recording Engineer | Jesko 樂器錄音室 Instruments Recording Studio | 頂樓RoofTop Studio 混音師 Mixing Engineer | Jesko 混音工作室 Mixing Studio | 頂樓RoofTop Studio 母帶後期工程師 Mastering Engineer | Jesko 母帶後期錄音室 Mastering Studio | 頂樓RoofTop Studio","我們一步一步走向盡頭 手拉著手 你勾著我 指尖只剩下抽完的煙頭 你離開 卻沒帶上我 其實你能給的也就那麼多 我不能給你想要的生活 其實我能給的也就那麼多 多麼渴望 我也能讓你難過 我知道我忘不了你的溫柔 你也戒不了那些傷痛 於是我們繼續走 不知道哪裡才能算是盡頭 你還在我的夢裡 請你不要把我忘記 親愛的你在哪裡 我知道我忘不了你的溫柔 你也戒不了那些傷痛 於是我們繼續走 不知道哪裡才能算是盡頭 你還在我的夢裡 請你不要把我忘記 親愛的你在哪裡 
我們一步一步走向盡頭 手拉著手 你勾著我 指尖只剩下抽完的煙頭 你離開 卻沒帶上我
其實你能給的也就那麼多 我不能給你想要的生活 其實我能給的也就那麼多 多麼渴望 我也能讓你難過
我知道我忘不了你的溫柔 你也戒不了那些傷痛 於是我們繼續走 不知道哪裡才能算是盡頭 你還在我的夢裡 請你不要把我忘記 親愛的你在哪裡
我知道我忘不了你的溫柔 你也戒不了那些傷痛 於是我們繼續走 不知道哪裡才能算是盡頭 你還在我的夢裡 請你不要把我忘記 親愛的你在哪裡
留言（ 0 ） 最相關留言 所有留言
留言（ 0 ）",2026-08-10,,編輯推薦,True,False,
2026-08-17 09:56:08,realtime,rock,,,7,Aiden Chen,牢底,40,2637,7,https://streetvoice.com/aiden_chen_/songs/870682/,https://streetvoice.com/aiden_chen_/,"https://akstatic.streetvoice.com/music_albums/ai/de/aiden_chen_/25siPxitjNKT6nfcHANLB8.jpeg?x-oss-process=image/resize,m_fixed,h_1,w_1,limit_0/resize,m_fixed,h_630,w_1200,limit_0/watermark,image_bXVzaWNfYWxidW1zL2FpL2RlL2FpZGVuX2NoZW5fLzI1c2lQeGl0ak5LVDZuZmNIQU5MQjguanBlZz94LW9zcy1wcm9jZXNzPWltYWdlL3Jlc2l6ZSxtX2ZpeGVkLGhfMzQ0LHdfMzQ0LGxpbWl0XzA,g_nw,x_428,y_143/watermark,image_YXNzZXQvaW1hZ2VzL21ldGFpbWFnZS1zb25nLnBuZw,g_nw,x_0,y_0",images/870682.jpeg,@aiden_chen_,音樂人,,,2026-04-10 10:26,16,115,7,,https://www.instagram.com/aiden_chen_/,https://www.youtube.com/user/StreetVoiceTV,北流「Open Lab人才培育計畫」五週年成果亮眼 媒合紙鳶登泰國音樂節|||https://blow.streetvoice.com/88857/?utm_source=streetvoice&utm_medium=profile-news-block; 第11屆H.O.T.原創音樂大賽決賽圓滿落幕 評審長E.SO瘦子讚：「像看了場精彩的演唱會。」|||https://blow.streetvoice.com/76950/?utm_source=streetvoice&utm_medium=profile-news-block,,Alternative,歹銅歹鐵,https://streetvoice.com/aiden_chen_/songs/album/97325727/,,"作曲 Composed by： Aiden Chen 作詞 Lyrics by： Aiden Chen 製作人 Produced by： 陳翰 Chen Han、Aiden Chen 編曲 Music Arranged by： Aiden Chen 混音 Mixed by： Aiden Chen 母帶後期 Mastered by：林業洋 Shleryloyck 音樂工作室：U&I Studio 你我音樂工作室 
作曲 Composed by： Aiden Chen 作詞 Lyrics by： Aiden Chen 製作人 Produced by： 陳翰 Chen Han、Aiden Chen 編曲 Music Arranged by： Aiden Chen 混音 Mixed by： Aiden Chen 母帶後期 Mastered by：林業洋 Shleryloyck 音樂工作室：U&I Studio 你我音樂工作室","動態歌詞
Give me a break I don’t wanna stay 對你真歹勢 袂得過 Over and over again Making the same mistake 按怎來解說？ 加講攏是笑詼 這个社會 啥人袂牢底 I pray for better Pray for better days 你若心內稀微 越頭莫後悔 過去彼段日子 我家己耍覕相揣 啥人無照步來？ 啥人的性地䆀？ 啥人佇三更半暝 舞東閣舞西？ 孤單一隻 oo-tóo-bái 虛華人生予我試看覓 無愛戇戇等待 Give me a break I don’t wanna stay 對你真歹勢 袂得過 Over and over again Making the same mistake 按怎來解說？ 加講攏是笑詼 這个社會 啥人袂牢底 I pray for better Pray for better days 
Give me a break I don’t wanna stay 對你真歹勢 袂得過 Over and over again Making the same mistake 按怎來解說？ 加講攏是笑詼
這个社會 啥人袂牢底 I pray for better Pray for better days
你若心內稀微 越頭莫後悔 過去彼段日子 我家己耍覕相揣
啥人無照步來？ 啥人的性地䆀？ 啥人佇三更半暝 舞東閣舞西？
孤單一隻 oo-tóo-bái 虛華人生予我試看覓 無愛戇戇等待
Give me a break I don’t wanna stay 對你真歹勢 袂得過 Over and over again Making the same mistake 按怎來解說？ 加講攏是笑詼
這个社會 啥人袂牢底 I pray for better Pray for better days
留言（ 7 ） 最相關留言 所有留言
留言（ 7 ）",2026-07-28,,Song of the Day; 編輯推薦,True,True,
2026-08-17 09:56:08,realtime,rock,,,8,sulysalt,Blue,49,3798,3,https://streetvoice.com/sulysalt/songs/870016/,https://streetvoice.com/sulysalt/,"https://akstatic.streetvoice.com/music_albums/su/ly/sulysalt/Yc3uEZ2pe8N95Fxe4mcU6k.jpeg?x-oss-process=image/resize,m_fixed,h_1,w_1,limit_0/resize,m_fixed,h_630,w_1200,limit_0/watermark,image_bXVzaWNfYWxidW1zL3N1L2x5L3N1bHlzYWx0L1ljM3VFWjJwZThOOTVGeGU0bWNVNmsuanBlZz94LW9zcy1wcm9jZXNzPWltYWdlL3Jlc2l6ZSxtX2ZpeGVkLGhfMzQ0LHdfMzQ0LGxpbWl0XzA,g_nw,x_428,y_143/watermark,image_YXNzZXQvaW1hZ2VzL21ldGFpbWFnZS1zb25nLnBuZw,g_nw,x_0,y_0",images/870016.jpeg,@sulysalt,音樂人,新北市,2020-01-01,2023-07-06 16:55,18,121,28,,https://instagram.com/sulysalt,https://youtube.com/@sulysalt,徐子權aka Silly Orange首次台灣巡迴「SOME DO MAY FAR NIGHT」 將與多多X以捷、獨⽴新秀sulysalt共演|||https://blow.streetvoice.com/62767/?utm_source=streetvoice&utm_medium=profile-news-block; 【吹專訪】作beat如燒菜，LEO37也推的嘻哈製作新生代：Flowstrong談二專《流水席 Flow’s Banquet》|||https://blow.streetvoice.com/86269/?utm_source=streetvoice&utm_medium=profile-news-block; 嘻哈新星Flowstrong以料理為創作靈感 明年2/1舉辦《流水席》發片專場|||https://blow.streetvoice.com/85369/?utm_source=streetvoice&utm_medium=profile-news-block,,Alternative,opposite,https://streetvoice.com/sulysalt/songs/album/97325717/,,,"這是沒有提供歌詞的歌曲
留言（ 3 ） 最相關留言 所有留言
留言（ 3 ）",2026-07-18,,Song of the Day; 達人推薦; 編輯推薦,True,True,https://streetvoice.com/sulysalt/songs/870016/critic_reviews/
2026-08-17 09:56:08,realtime,rock,,,9,YILE LIN 林以樂,too good to be true,2,131,0,https://streetvoice.com/anyonesthere/songs/874237/,https://streetvoice.com/anyonesthere/,"https://akstatic.streetvoice.com/song_covers/an/yo/anyonesthere/W5y63VFkW68kEhFqGwK3gZ.jpeg?x-oss-process=image/resize,m_fixed,h_1,w_1,limit_0/resize,m_fixed,h_630,w_1200,limit_0/watermark,image_c29uZ19jb3ZlcnMvYW4veW8vYW55b25lc3RoZXJlL1c1eTYzVkZrVzY4a0VoRnFHd0szZ1ouanBlZz94LW9zcy1wcm9jZXNzPWltYWdlL3Jlc2l6ZSxtX2ZpeGVkLGhfMzQ0LHdfMzQ0LGxpbWl0XzA,g_nw,x_428,y_143/watermark,image_YXNzZXQvaW1hZ2VzL21ldGFpbWFnZS1zb25nLnBuZw,g_nw,x_0,y_0",images/874237.jpeg,@anyonesthere,音樂人,台北市,2016-05-01,2021-09-07 16:55,20,1132,,https://www.facebook.com/yilelintaiwan,,https://youtube.com/c/YILELIN%E6%9E%97%E4%BB%A5%E6%A8%82,林以樂睽違7年專場開唱！雀斑樂團驚喜現身擔任嘉賓|||https://blow.streetvoice.com/78362/?utm_source=streetvoice&utm_medium=profile-news-block; 林以樂睽違七年回歸Legacy舉辦個人首張專輯《素顏的樣子》發片專場|||https://blow.streetvoice.com/77356/?utm_source=streetvoice&utm_medium=profile-news-block; 為展覽「小花計畫－Re：小花盛開的回音」錄製新歌〈地板內早餐〉 五月天瑪莎與林以樂赴美術館錄音、拍MV|||https://blow.streetvoice.com/61785/?utm_source=streetvoice&utm_medium=profile-news-block,,Alternative,,,,"song writing and recorded by YILE LIN 
song writing and recorded by YILE LIN","Holding back Such a light see it through I can see it through Holding back Such a light see it through Too good to be true How does it feel when the sun goes down How does it feel when the moon is drawn Holding back Such a light see it through I can see it through Holding back Such a night see it through Dear lord , could you  listen that pray of sound Pray of sound from the children in underground  , underground How does it feel when the sun goes down How does it feel when the moon is drawn Dear lord ,could you hear the pray from the sound of love Dear lord , could you hear my voice till the sun goes down Till the moon is drawn I can see it through I can see it though To good to be true To Good to be true To be true 
Holding back Such a light see it through I can see it through
Holding back Such a light see it through Too good to be true
How does it feel when the sun goes down How does it feel when the moon is drawn Holding back Such a light see it through I can see it through Holding back Such a night see it through
Dear lord , could you  listen that pray of sound Pray of sound from the children in underground  , underground
How does it feel when the sun goes down How does it feel when the moon is drawn
Dear lord ,could you hear the pray from the sound of love Dear lord , could you hear my voice till the sun goes down Till the moon is drawn I can see it through I can see it though To good to be true To Good to be true To be true
留言（ 0 ） 最相關留言 所有留言
留言（ 0 ）",2026-08-12,,編輯推薦,True,False,
2026-08-17 09:56:08,realtime,rock,,,10,Theseus忒修斯,Amelia（給無論有多難相見都一定要相見的你）,65,4170,5,https://streetvoice.com/Theseus_tw/songs/873055/,https://streetvoice.com/Theseus_tw/,"https://akstatic.streetvoice.com/song_covers/Th/es/Theseus_tw/9ekpm2rfeGwPMQ8suANvqS.jpeg?x-oss-process=image/resize,m_fixed,h_1,w_1,limit_0/resize,m_fixed,h_630,w_1200,limit_0/watermark,image_c29uZ19jb3ZlcnMvVGgvZXMvVGhlc2V1c190dy85ZWtwbTJyZmVHd1BNUThzdUFOdnFTLmpwZWc_eC1vc3MtcHJvY2Vzcz1pbWFnZS9yZXNpemUsbV9maXhlZCxoXzM0NCx3XzM0NCxsaW1pdF8w,g_nw,x_428,y_143/watermark,image_YXNzZXQvaW1hZ2VzL21ldGFpbWFnZS1zb25nLnBuZw,g_nw,x_0,y_0",images/873055.jpeg,@Theseus_tw,音樂人,台北市,2016-12-01,,34,9390,2,,https://www.instagram.com/2016theseus/,https://www.youtube.com/user/StreetVoiceTV,Theseus忒修斯新歌〈凡勢〉MV邀何諭函、蘇皓兒擔任女主角 9/20舉辦專場|||https://blow.streetvoice.com/82596/?utm_source=streetvoice&utm_medium=profile-news-block; Theseus忒修斯為台劇《拜六禮拜》量身打造新歌 催生全台語專輯《未擇之路（凡勢我）》|||https://blow.streetvoice.com/81746/?utm_source=streetvoice&utm_medium=profile-news-block; Theseus忒修斯為台語劇集《拜六禮拜》打造片頭曲〈朋友之歌〉歌名致敬港片《古惑仔》|||https://blow.streetvoice.com/81078/?utm_source=streetvoice&utm_medium=profile-news-block,,Rock,The Last Meeting Theory,https://streetvoice.com/Theseus_tw/songs/album/97325034/,,"◻︎ 我的生命 無比幸運 能夠靠近你  ◻︎ Ameila 是安海瑟薇在《星際效應》（Interstellar）裡的角色名稱，穿越星系，尋找答案，尋找愛，或許是在廣淼宇宙裡，我們能夠保持前行的唯一答案。 我不確定座標何處，但我相信，幸運的是，我能夠持續持續的靠近你。 
◻︎ 我的生命 無比幸運 能夠靠近你  ◻︎
Ameila 是安海瑟薇在《星際效應》（Interstellar）裡的角色名稱，穿越星系，尋找答案，尋找愛，或許是在廣淼宇宙裡，我們能夠保持前行的唯一答案。
我不確定座標何處，但我相信，幸運的是，我能夠持續持續的靠近你。","嘿 在你聽見 我的聲音 或許我以及我的心 悄悄 向你航行 太空 太深邃 渺小無比 我的歌以及我的心 介質 尚未確定 只是旋律 穿越星河 緩緩 和我同行 星體塵埃 能否相信 我的生命 無比幸運 能夠靠近你 幽深星石 牽引我 找到氧氣 膨漲宇宙 是我靠近你 還是你在遠離 來不來得及 找到我的你 穿越漫天星河  窮盡光年相遇 嘿 等你聽見 我的聲音 或許我只是灰燼 流浪 終點的 宿命 星盤 太清晰 前現代裡 我無數次合盤尋覓 你能 愛我的證明 命中欠缺 一些勇氣 遠航 才看得清  遠程座標 鎖定 用我的真心 我的生命 無比幸運 能夠靠近你 幽深星石 牽引我 找到氧氣 膨漲宇宙 是我靠近你 還是你在遠離 來不來得及 找到我的你 穿越漫天星河  窮盡光年相遇 我的生命 無比幸運 能夠靠近你 幽深星石 牽引我 找到氧氣 膨漲宇宙 是我靠近你 還是你在遠離 來不來得及 找到我的你 穿越漫天星河  窮盡光年相遇 
嘿 在你聽見 我的聲音 或許我以及我的心 悄悄 向你航行 太空 太深邃 渺小無比 我的歌以及我的心 介質 尚未確定 只是旋律 穿越星河 緩緩 和我同行 星體塵埃 能否相信
我的生命 無比幸運 能夠靠近你 幽深星石 牽引我 找到氧氣 膨漲宇宙 是我靠近你 還是你在遠離 來不來得及 找到我的你 穿越漫天星河  窮盡光年相遇
嘿 等你聽見 我的聲音 或許我只是灰燼 流浪 終點的 宿命 星盤 太清晰 前現代裡 我無數次合盤尋覓 你能 愛我的證明 命中欠缺 一些勇氣 遠航 才看得清  遠程座標 鎖定 用我的真心
我的生命 無比幸運 能夠靠近你 幽深星石 牽引我 找到氧氣 膨漲宇宙 是我靠近你 還是你在遠離 來不來得及 找到我的你 穿越漫天星河  窮盡光年相遇
我的生命 無比幸運 能夠靠近你 幽深星石 牽引我 找到氧氣 膨漲宇宙 是我靠近你 還是你在遠離 來不來得及 找到我的你 穿越漫天星河  窮盡光年相遇
留言（ 5 ） 最相關留言 所有留言
留言（ 5 ）",2026-08-05,,編輯推薦,True,False,
2026-08-17 09:56:08,realtime,rock,,,11,陳竑宇,後室 demo,4,104,0,https://streetvoice.com/jg980309/songs/874379/,https://streetvoice.com/jg980309/,"https://akstatic.streetvoice.com/music_albums/jg/98/jg980309/Trt8MiWRQxAFjwaT7ovoQE.jpeg?x-oss-process=image/resize,m_fixed,h_1,w_1,limit_0/resize,m_fixed,h_630,w_1200,limit_0/watermark,image_bXVzaWNfYWxidW1zL2pnLzk4L2pnOTgwMzA5L1RydDhNaVdSUXhBRmp3YVQ3b3ZvUUUuanBlZz94LW9zcy1wcm9jZXNzPWltYWdlL3Jlc2l6ZSxtX2ZpeGVkLGhfMzQ0LHdfMzQ0LGxpbWl0XzA,g_nw,x_428,y_143/watermark,image_YXNzZXQvaW1hZ2VzL21ldGFpbWFnZS1zb25nLnBuZw,g_nw,x_0,y_0",images/874379.jpeg,@jg980309,音樂人,,,2025-01-21 13:32,12,125,43,https://www.facebook.com/profile.php?id=100010382926336,https://www.instagram.com/111.110101/,https://www.youtube.com/@hongyuchen.0501,創作大賞得主「過敏症候群」為第四十三屆政大金旋獎創作主題曲〈遠日點〉|||https://blow.streetvoice.com/87786/?utm_source=streetvoice&utm_medium=profile-news-block; 金旋創作大賞得主 過敏症候群釋出首張EP《Demo症候群》|||https://blow.streetvoice.com/85012/?utm_source=streetvoice&utm_medium=profile-news-block,,Alternative,姿態,https://streetvoice.com/jg980309/songs/album/97325751/,,"詞曲編混：陳竑宇 
詞曲編混：陳竑宇","困在我的腦袋裡 一片一片迂迴的空地 都是無關緊要的事情 生存的本能控著自己 沒有出口的門通往哪裡 重複的風景停留在原地 閃爍的燈光讓人快窒息 控制著呼吸控制著身體 道路是誰在帶領 一個一個捏造的真理 都是無關緊要的事情 倖存的偏見牽制著自己 
困在我的腦袋裡 一片一片迂迴的空地 都是無關緊要的事情 生存的本能控著自己
沒有出口的門通往哪裡 重複的風景停留在原地 閃爍的燈光讓人快窒息 控制著呼吸控制著身體
道路是誰在帶領 一個一個捏造的真理 都是無關緊要的事情 倖存的偏見牽制著自己
留言（ 0 ） 最相關留言 所有留言
留言（ 0 ）",2026-08-13,,編輯推薦,True,False,
2026-08-17 09:56:08,realtime,rock,,,12,Abandon Teddy 奔等泰迪,杳無人煙,3,199,0,https://streetvoice.com/AbandonTeddy/songs/874267/,https://streetvoice.com/AbandonTeddy/,"https://akstatic.streetvoice.com/song_covers/Ab/an/AbandonTeddy/TPvptfsm4UqEkSPgXgH6Z6.jpeg?x-oss-process=image/resize,m_fixed,h_1,w_1,limit_0/resize,m_fixed,h_630,w_1200,limit_0/watermark,image_c29uZ19jb3ZlcnMvQWIvYW4vQWJhbmRvblRlZGR5L1RQdnB0ZnNtNFVxRWtTUGdYZ0g2WjYuanBlZz94LW9zcy1wcm9jZXNzPWltYWdlL3Jlc2l6ZSxtX2ZpeGVkLGhfMzQ0LHdfMzQ0LGxpbWl0XzA,g_nw,x_428,y_143/watermark,image_YXNzZXQvaW1hZ2VzL21ldGFpbWFnZS1zb25nLnBuZw,g_nw,x_0,y_0",images/874267.jpeg,@AbandonTeddy,音樂人,,,2024-01-11 17:13,8,108,15,,,https://www.youtube.com/user/StreetVoiceTV,受疫情影響 2020浮現祭宣布延期舉辦|||https://blow.streetvoice.com/49061/?utm_source=streetvoice&utm_medium=profile-news-block; 蘭花刀《NUWA》專輯巡迴演出延期後重啟 將與固定客、兩棲人等多組樂團共演|||https://blow.streetvoice.com/62574/?utm_source=streetvoice&utm_medium=profile-news-block,,Alternative,,,,"2026/8/16 Abandon Teddy 奔等泰迪 第二張專輯《心宿》串流上線 ======================= 有些畫面無法被完整記起，有些情感則在遺失之後，反而更加清晰。隨著時間不斷的流動。有的事物緩慢消逝，有的則停留在某個瞬間，反覆重現。 
2026/8/16 Abandon Teddy 奔等泰迪 第二張專輯《心宿》串流上線 ======================= 有些畫面無法被完整記起，有些情感則在遺失之後，反而更加清晰。隨著時間不斷的流動。有的事物緩慢消逝，有的則停留在某個瞬間，反覆重現。","踩碎的玻璃碎片 成為了唯一 陪伴 我的聲線 口袋裡的泛黃照片 裡面的我 身邊 是誰 我站在這裡 腦中閃過片段的回憶 我站在這裡 為什麼卻哭紅了眼睛 莫名滴下的淚水 滴落在我和他之間 開始模糊了相片 慌忙地想擦去淚水 畫面開始變得破碎  飄落在佈滿塵埃的路面 眼前閃爍的光線 接著也隨之熄滅 走在倒塌的房屋之間 連花朵 也都 枯萎 看著四周的杳無人煙 回想著 那張 照片 我站在這裡 腦中閃過片段的回憶 我站在這裡 為什麼卻哭紅了眼睛 莫名滴下的淚水 滴落在我和他之間 開始模糊了相片 慌忙地想擦去淚水 畫面開始變得破碎  飄落在佈滿塵埃的路面 身邊閃爍的光線 接著也隨之熄滅 莫名滴下的淚水 滴落在我和他之間 開始模糊了相片 慌忙地想擦去淚水 畫面開始變得破碎  飄落在佈滿塵埃的路面 身邊閃爍的光線 接著也隨之熄滅 莫名滴下的淚水 滴落在我和他之間 開始模糊了相片 慌忙地想擦去淚水 畫面開始變得破碎  飄落在佈滿塵埃的路面 身邊閃爍的光線 接著也隨之熄滅 
踩碎的玻璃碎片 成為了唯一 陪伴 我的聲線 口袋裡的泛黃照片 裡面的我 身邊 是誰
我站在這裡 腦中閃過片段的回憶 我站在這裡 為什麼卻哭紅了眼睛
莫名滴下的淚水 滴落在我和他之間 開始模糊了相片 慌忙地想擦去淚水 畫面開始變得破碎  飄落在佈滿塵埃的路面 眼前閃爍的光線 接著也隨之熄滅
走在倒塌的房屋之間 連花朵 也都 枯萎 看著四周的杳無人煙 回想著 那張 照片
我站在這裡 腦中閃過片段的回憶 我站在這裡 為什麼卻哭紅了眼睛
莫名滴下的淚水 滴落在我和他之間 開始模糊了相片 慌忙地想擦去淚水 畫面開始變得破碎  飄落在佈滿塵埃的路面 身邊閃爍的光線 接著也隨之熄滅
莫名滴下的淚水 滴落在我和他之間 開始模糊了相片 慌忙地想擦去淚水 畫面開始變得破碎  飄落在佈滿塵埃的路面 身邊閃爍的光線 接著也隨之熄滅
莫名滴下的淚水 滴落在我和他之間 開始模糊了相片 慌忙地想擦去淚水 畫面開始變得破碎  飄落在佈滿塵埃的路面 身邊閃爍的光線 接著也隨之熄滅
留言（ 0 ） 最相關留言 所有留言
留言（ 0 ）",2026-08-12,,編輯推薦,True,False,
2026-08-17 09:56:08,realtime,rock,,,13,NANASHi,一瞬革命,14,1388,3,https://streetvoice.com/nanashiband0409/songs/873808/,https://streetvoice.com/nanashiband0409/,"https://akstatic.streetvoice.com/song_covers/na/na/nanashiband0409/kWe8CGAynNdgCaXUyZYivt.jpeg?x-oss-process=image/resize,m_fixed,h_1,w_1,limit_0/resize,m_fixed,h_630,w_1200,limit_0/watermark,image_c29uZ19jb3ZlcnMvbmEvbmEvbmFuYXNoaWJhbmQwNDA5L2tXZThDR0F5bk5kZ0NhWFV5WllpdnQuanBlZz94LW9zcy1wcm9jZXNzPWltYWdlL3Jlc2l6ZSxtX2ZpeGVkLGhfMzQ0LHdfMzQ0LGxpbWl0XzA,g_nw,x_428,y_143/watermark,image_YXNzZXQvaW1hZ2VzL21ldGFpbWFnZS1zb25nLnBuZw,g_nw,x_0,y_0",images/873808.jpeg,@nanashiband0409,音樂人,,,,1,30,2,,,https://www.youtube.com/user/StreetVoiceTV,高流《樂團興奮波》12強出爐 邀旺福小民、張凱婷與王立擔任複賽評審|||https://blow.streetvoice.com/84917/?utm_source=streetvoice&utm_medium=profile-news-block,,Rock,,,,,"動態歌詞
徹夜難眠 胡思亂想 都是荒唐的廢話 說夠了嗎 解放 無聲的退讓 光芒在心中綻放 懦弱與堅強 反覆掙扎 自問自答的狀況 結束了嗎 焦點 說要風光 革命在腦中爆發 你聽見了嗎 胸口的吶喊越來越滾燙 不再忍受 那些期望 就在這一瞬間 我不再去想 謊言無所謂 嚮往那遠方 苦澀蔓延 哽咽 你的雙眼灌滿心的空缺 就在這一瞬間 我不再去想 混亂無所謂 拋開這份絕望 追逐勇敢的光芒 無能為力的逃亡 就這樣吧 窗影的凌亂 覆蓋日常 逐漸褪色的狂想 都撕碎吧 恐懼 別再偽裝 靈魂在荒野生長 現實與夢想 輪迴的對話 沒有終點的妄想 抬起頭吧 寫下 革命的樂章 秩序在腦海崩塌 你看見了嗎 不安的陰霾在眼前消散 不再執著 放聲吶喊 就在這一瞬間 我不再去想 謊言無所謂 嚮往那遠方 苦澀蔓延 哽咽 你的雙眼灌滿心的空缺 就在這一瞬間 我不再去想 混亂無所謂 拋開這份絕望 追逐勇敢的光芒 無能為力的逃亡 就這樣吧 就在這一瞬間 我不再去想 瘋狂無所謂 飛向那遠方 你給我的力量 是我穿越黑暗的翅膀 就在這一瞬間 我不再去想 謊言無所謂 嚮往那遠方 苦澀蔓延 哽咽 你的雙眼灌滿心的空缺 就在這一瞬間 我不再去想 寫下燦爛的流光 在這片星空之下 放下 過去 擁抱自由 就這樣吧 
徹夜難眠 胡思亂想 都是荒唐的廢話 說夠了嗎 解放 無聲的退讓 光芒在心中綻放
懦弱與堅強 反覆掙扎 自問自答的狀況 結束了嗎 焦點 說要風光 革命在腦中爆發
你聽見了嗎 胸口的吶喊越來越滾燙 不再忍受 那些期望
就在這一瞬間 我不再去想 謊言無所謂 嚮往那遠方 苦澀蔓延 哽咽 你的雙眼灌滿心的空缺 就在這一瞬間 我不再去想 混亂無所謂 拋開這份絕望 追逐勇敢的光芒 無能為力的逃亡 就這樣吧
窗影的凌亂 覆蓋日常 逐漸褪色的狂想 都撕碎吧 恐懼 別再偽裝 靈魂在荒野生長
現實與夢想 輪迴的對話 沒有終點的妄想 抬起頭吧 寫下 革命的樂章 秩序在腦海崩塌
你看見了嗎 不安的陰霾在眼前消散 不再執著 放聲吶喊
就在這一瞬間 我不再去想 謊言無所謂 嚮往那遠方 苦澀蔓延 哽咽 你的雙眼灌滿心的空缺 就在這一瞬間 我不再去想 混亂無所謂 拋開這份絕望 追逐勇敢的光芒 無能為力的逃亡 就這樣吧
就在這一瞬間 我不再去想 瘋狂無所謂 飛向那遠方 你給我的力量 是我穿越黑暗的翅膀
就在這一瞬間 我不再去想 謊言無所謂 嚮往那遠方 苦澀蔓延 哽咽 你的雙眼灌滿心的空缺 就在這一瞬間 我不再去想 寫下燦爛的流光 在這片星空之下 放下 過去 擁抱自由 就這樣吧
留言（ 3 ） 最相關留言 所有留言
留言（ 3 ）",2026-08-10,,編輯推薦,True,False,
2026-08-17 09:56:08,realtime,rock,,,14,漂流木DriftWood,The end of us,7,208,2,https://streetvoice.com/DriftWood/songs/871263/,https://streetvoice.com/DriftWood/,"https://akstatic.streetvoice.com/song_covers/Dr/if/DriftWood/bSZCMPNwg9uNoaF3FAXHDF.jpeg?x-oss-process=image/resize,m_fixed,h_1,w_1,limit_0/resize,m_fixed,h_630,w_1200,limit_0/watermark,image_c29uZ19jb3ZlcnMvRHIvaWYvRHJpZnRXb29kL2JTWkNNUE53Zzl1Tm9hRjNGQVhIREYuanBlZz94LW9zcy1wcm9jZXNzPWltYWdlL3Jlc2l6ZSxtX2ZpeGVkLGhfMzQ0LHdfMzQ0LGxpbWl0XzA,g_nw,x_428,y_143/watermark,image_YXNzZXQvaW1hZ2VzL21ldGFpbWFnZS1zb25nLnBuZw,g_nw,x_0,y_0",images/871263.jpeg,@DriftWood,音樂人,,,,7,26,,,,https://www.youtube.com/user/StreetVoiceTV,,,Rock,Loyal Misser,https://streetvoice.com/DriftWood/songs/album/97325767/,,"音樂製作 Music Credit : 製作人 producer | Jesko 作詞 Lyricist | 242 作曲 Composer | Jesko 編曲 Arranger | 漂流木DriftWood 人聲Vocal | 242 Jesko 電吉他 Electric Guitar | Jesko 242 貝斯 Bass | 張嘉樂 鼓 Drums | 高宇 和聲編寫 Backing Vocal Arranger | 242 人聲錄音室 Vocal Recording Studio | 頂樓RoofTop Studio 樂器錄音師 Instruments Recording Engineer | Jesko 樂器錄音室 Instruments Recording Studio | 頂樓RoofTop Studio 混音師 Mixing Engineer | Jesko 混音工作室 Mixing Studio | 頂樓RoofTop Studio 母帶後期工程師 Mastering Engineer | Jesko 母帶後期錄音室 Mastering Studio | 頂樓RoofTop Studio 
音樂製作 Music Credit : 製作人 producer | Jesko 作詞 Lyricist | 242 作曲 Composer | Jesko 編曲 Arranger | 漂流木DriftWood 人聲Vocal | 242 Jesko 電吉他 Electric Guitar | Jesko 242 貝斯 Bass | 張嘉樂 鼓 Drums | 高宇 和聲編寫 Backing Vocal Arranger | 242 人聲錄音室 Vocal Recording Studio | 頂樓RoofTop Studio 樂器錄音師 Instruments Recording Engineer | Jesko 樂器錄音室 Instruments Recording Studio | 頂樓RoofTop Studio 混音師 Mixing Engineer | Jesko 混音工作室 Mixing Studio | 頂樓RoofTop Studio 母帶後期工程師 Mastering Engineer | Jesko 母帶後期錄音室 Mastering Studio | 頂樓RoofTop Studio","Every time I look into your eyes, All the worries say their goodbyes I want to smile with you, cry with you too Face every storm just by holding you You Like a star shining in the sky you’re the reason my dreams don’t die You helped me get through my misery Oh I wanna tell you this The touch ,the eyes the everything we had Your face is all over my mind I don’t need a perfect life I just need a life that ends with you I like the way you hold me it makes everything easy I don’t need no nothing Just one whiskey and you will be mazing I don’t care where we’re going long as it’s with you Cause every night beside you feels too good to be true The touch the eyes the everything we had Your face is all over my mind I don’t need a perfect life I just need a life that ends with you Every breath that I take pulls me back to that time Where the touch the eyes and the everything everything we were alive 
Every time I look into your eyes, All the worries say their goodbyes I want to smile with you, cry with you too Face every storm just by holding you You Like a star shining in the sky you’re the reason my dreams don’t die You helped me get through my misery Oh I wanna tell you this
The touch ,the eyes the everything we had Your face is all over my mind I don’t need a perfect life I just need a life that ends with you
I like the way you hold me it makes everything easy I don’t need no nothing Just one whiskey and you will be mazing I don’t care where we’re going long as it’s with you Cause every night beside you feels too good to be true
The touch the eyes the everything we had Your face is all over my mind I don’t need a perfect life I just need a life that ends with you Every breath that I take pulls me back to that time Where the touch the eyes and the everything everything we were alive
留言（ 2 ） 最相關留言 所有留言
留言（ 2 ）",2026-08-10,,編輯推薦,True,False,
2026-08-17 09:56:08,realtime,rock,,,15,Wednesday Waflow,Muntjac Of The Mist (demo),3,38,3,https://streetvoice.com/WednesdayWaflow/songs/874533/,https://streetvoice.com/WednesdayWaflow/,"https://akstatic.streetvoice.com/song_covers/We/dn/WednesdayWaflow/Hs9vLwVC2iC6xzmYuJyVBq.jpeg?x-oss-process=image/resize,m_fixed,h_1,w_1,limit_0/resize,m_fixed,h_630,w_1200,limit_0/watermark,image_c29uZ19jb3ZlcnMvV2UvZG4vV2VkbmVzZGF5V2FmbG93L0hzOXZMd1ZDMmlDNnh6bVl1SnlWQnEuanBlZz94LW9zcy1wcm9jZXNzPWltYWdlL3Jlc2l6ZSxtX2ZpeGVkLGhfMzQ0LHdfMzQ0LGxpbWl0XzA,g_nw,x_428,y_143/watermark,image_YXNzZXQvaW1hZ2VzL21ldGFpbWFnZS1zb25nLnBuZw,g_nw,x_0,y_0",images/874533.jpeg,@WednesdayWaflow,音樂人,,,,1,6,,,,https://www.youtube.com/user/StreetVoiceTV,,,Alternative,,,,"Arrangement:Wednesday Waflow Drums:陳翰昇Hanson Bass:黃唯恩Jason Keys:林莉樺Lily Mixing Engineer:Isaac Kuo 
Arrangement:Wednesday Waflow Drums:陳翰昇Hanson Bass:黃唯恩Jason Keys:林莉樺Lily Mixing Engineer:Isaac Kuo","這是沒有提供歌詞的歌曲
留言（ 3 ） 最相關留言 所有留言
留言（ 3 ）",2026-08-14,,,False,False,
2026-08-17 09:56:08,realtime,rock,,,16,Seaweed 藻,希望你懂我 Read Between The Lines(demo),9,1820,0,https://streetvoice.com/seaweedfromkt/songs/873461/,https://streetvoice.com/seaweedfromkt/,"https://akstatic.streetvoice.com/song_covers/se/aw/seaweedfromkt/Krue8jRXQPAWEbrUzRZL9G.jpg?x-oss-process=image/resize,m_fixed,h_1,w_1,limit_0/resize,m_fixed,h_630,w_1200,limit_0/watermark,image_c29uZ19jb3ZlcnMvc2UvYXcvc2Vhd2VlZGZyb21rdC9LcnVlOGpSWFFQQVdFYnJVelJaTDlHLmpwZz94LW9zcy1wcm9jZXNzPWltYWdlL3Jlc2l6ZSxtX2ZpeGVkLGhfMzQ0LHdfMzQ0LGxpbWl0XzA,g_nw,x_428,y_143/watermark,image_YXNzZXQvaW1hZ2VzL21ldGFpbWFnZS1zb25nLnBuZw,g_nw,x_0,y_0",images/873461.jpg,@seaweedfromkt,音樂人,,,2022-11-03 15:29,10,349,4,https://www.facebook.com/seaweed51k,https://www.instagram.com/seaweed51k/,https://www.youtube.com/user/StreetVoiceTV,ARCPLG  羣島首張EP《SEAWEED 海藻》預告 2016 發行|||https://blow.streetvoice.com/16469/?utm_source=streetvoice&utm_medium=profile-news-block; 在變拍中刷洗社會風景 ─ 羣島《海藻》|||https://blow.streetvoice.com/17703/?utm_source=streetvoice&utm_medium=profile-news-block; 昴宿成軍十年發行首張專輯《QUARK夸克》 展開北中南發片巡迴|||https://blow.streetvoice.com/69033/?utm_source=streetvoice&utm_medium=profile-news-block,,Post rock,,,,"「表達很難，但愛很純粹。謝謝你包容我的笨拙，這一次，依然會選擇將最溫柔的歌曲留給你。」 彼此用最寬廣的心，去愛你的愛人、家人、與珍惜自己的朋友。 最後，記得愛要說出口………….. 詞曲：Seaweed 藻 編曲：Seaweed 藻 
「表達很難，但愛很純粹。謝謝你包容我的笨拙，這一次，依然會選擇將最溫柔的歌曲留給你。」
彼此用最寬廣的心，去愛你的愛人、家人、與珍惜自己的朋友。
最後，記得愛要說出口…………..
詞曲：Seaweed 藻 編曲：Seaweed 藻","這是沒有提供歌詞的歌曲
留言（ 0 ） 最相關留言 所有留言
留言（ 0 ）",2026-08-08,,編輯推薦,True,False,
2026-08-17 09:56:08,realtime,rock,,,17,Aiden Chen,歹銅歹鐵,24,1254,2,https://streetvoice.com/aiden_chen_/songs/850861/,https://streetvoice.com/aiden_chen_/,"https://akstatic.streetvoice.com/music_albums/ai/de/aiden_chen_/25siPxitjNKT6nfcHANLB8.jpeg?x-oss-process=image/resize,m_fixed,h_1,w_1,limit_0/resize,m_fixed,h_630,w_1200,limit_0/watermark,image_bXVzaWNfYWxidW1zL2FpL2RlL2FpZGVuX2NoZW5fLzI1c2lQeGl0ak5LVDZuZmNIQU5MQjguanBlZz94LW9zcy1wcm9jZXNzPWltYWdlL3Jlc2l6ZSxtX2ZpeGVkLGhfMzQ0LHdfMzQ0LGxpbWl0XzA,g_nw,x_428,y_143/watermark,image_YXNzZXQvaW1hZ2VzL21ldGFpbWFnZS1zb25nLnBuZw,g_nw,x_0,y_0",images/850861.jpeg,@aiden_chen_,音樂人,,,2026-04-10 10:26,16,115,7,,https://www.instagram.com/aiden_chen_/,https://www.youtube.com/user/StreetVoiceTV,北流「Open Lab人才培育計畫」五週年成果亮眼 媒合紙鳶登泰國音樂節|||https://blow.streetvoice.com/88857/?utm_source=streetvoice&utm_medium=profile-news-block; 第11屆H.O.T.原創音樂大賽決賽圓滿落幕 評審長E.SO瘦子讚：「像看了場精彩的演唱會。」|||https://blow.streetvoice.com/76950/?utm_source=streetvoice&utm_medium=profile-news-block,,Alternative,歹銅歹鐵,https://streetvoice.com/aiden_chen_/songs/album/97325727/,,"你有什麼要拿來賣嗎？ 此曲前奏引用自台灣經典老歌〈酒矸通賣無〉 作曲 Composed by： Aiden Chen 作詞 Lyrics by： Aiden Chen 製作人 Produced by： 陳翰 Chen Han、Aiden Chen 編曲 Music Arranged by： Aiden Chen 混音 Mixed by： Aiden Chen 母帶後期 Mastered by：陳翰 Chen Han 音樂工作室：U&I Studio 你我音樂工作室 
你有什麼要拿來賣嗎？
此曲前奏引用自台灣經典老歌〈酒矸通賣無〉
作曲 Composed by： Aiden Chen 作詞 Lyrics by： Aiden Chen 製作人 Produced by： 陳翰 Chen Han、Aiden Chen 編曲 Music Arranged by： Aiden Chen 混音 Mixed by： Aiden Chen 母帶後期 Mastered by：陳翰 Chen Han 音樂工作室：U&I Studio 你我音樂工作室","動態歌詞
酒矸通賣無 巷仔內的彼位阿伯啊 一雙淺拖 一頂帽仔 逐工騎車四界去放送 看覓恁兜 有啥欲挕捒 歹冰箱 提來賣 歹電腦 提來賣 害oo-tóo-bái 提來賣 若是歹囡仔 你敢欲？ 遺憾 感覺拍拚攏無彩 這馬的時代 啥物是你心內的價值？ 三輪車經過 歹銅歹鐵提來賣 風景遐美麗 傷心的過去提來賣 雨水沃規暝 記持藏心底 十冬前寫予你的批 敢隨風自由飛？ 歹冰箱 提來賣 歹電腦 你嘛提來賣 害oo-tóo-bái 提來賣 我若是歹囡仔 你敢欲？ 遺憾 感覺拍拚攏無彩 這馬的時代 啥物是你心內的價值？ 三輪車經過 歹銅歹鐵提來賣 風景遐美麗 傷心的過去提來賣 雨水沃規暝 記持藏心底 十冬前寫予你的批 敢隨風自由飛？ 
酒矸通賣無
巷仔內的彼位阿伯啊 一雙淺拖 一頂帽仔 逐工騎車四界去放送 看覓恁兜 有啥欲挕捒
歹冰箱 提來賣 歹電腦 提來賣 害oo-tóo-bái 提來賣 若是歹囡仔 你敢欲？
遺憾 感覺拍拚攏無彩 這馬的時代 啥物是你心內的價值？
三輪車經過 歹銅歹鐵提來賣 風景遐美麗 傷心的過去提來賣 雨水沃規暝 記持藏心底 十冬前寫予你的批 敢隨風自由飛？
歹冰箱 提來賣 歹電腦 你嘛提來賣 害oo-tóo-bái 提來賣 我若是歹囡仔 你敢欲？
遺憾 感覺拍拚攏無彩 這馬的時代 啥物是你心內的價值？
三輪車經過 歹銅歹鐵提來賣 風景遐美麗 傷心的過去提來賣 雨水沃規暝 記持藏心底 十冬前寫予你的批 敢隨風自由飛？
留言（ 2 ） 最相關留言 所有留言
留言（ 2 ）",2026-03-27,,Song of the Day; 編輯推薦,True,True,
2026-08-17 09:56:08,realtime,rock,,,18,台北不如勤美,牢,9,598,2,https://streetvoice.com/qinmeibetterthantaipei/songs/872831/,https://streetvoice.com/qinmeibetterthantaipei/,"https://akstatic.streetvoice.com/song_covers/qi/nm/qinmeibetterthantaipei/5h89PxZ7QyGG3orVHQwPQo.jpg?x-oss-process=image/resize,m_fixed,h_1,w_1,limit_0/resize,m_fixed,h_630,w_1200,limit_0/watermark,image_c29uZ19jb3ZlcnMvcWkvbm0vcWlubWVpYmV0dGVydGhhbnRhaXBlaS81aDg5UHhaN1F5R0czb3JWSFF3UFFvLmpwZz94LW9zcy1wcm9jZXNzPWltYWdlL3Jlc2l6ZSxtX2ZpeGVkLGhfMzQ0LHdfMzQ0LGxpbWl0XzA,g_nw,x_428,y_143/watermark,image_YXNzZXQvaW1hZ2VzL21ldGFpbWFnZS1zb25nLnBuZw,g_nw,x_0,y_0",images/872831.jpg,@qinmeibetterthantaipei,音樂人,,,2024-12-25 17:12,1,195,1,,https://www.instagram.com/qinmeibetterthantaipei/profilecard/,https://www.youtube.com/user/StreetVoiceTV,,,Rock,生的錯覺,https://streetvoice.com/qinmeibetterthantaipei/songs/album/97324249/,,"【章節零二：雨夜裡的銀色利刃】 這座城市是個巨大的玻璃水族箱， 我們都是被抽乾了水的魚。 我坐在深夜的房間裡，刀鋒貼著手腕的皮膚， 那冰涼的觸感竟比任何擁抱都要真實。 劃開皮肉的瞬間，鮮紅色的液體，流了出來 啊！ 原來這具日復一日的肉體裡面，還藏著鮮血啊。 
【章節零二：雨夜裡的銀色利刃】
這座城市是個巨大的玻璃水族箱，
我們都是被抽乾了水的魚。
我坐在深夜的房間裡，刀鋒貼著手腕的皮膚，
那冰涼的觸感竟比任何擁抱都要真實。
劃開皮肉的瞬間，鮮紅色的液體，流了出來
啊！
原來這具日復一日的肉體裡面，還藏著鮮血啊。","靜靜待在 這座監牢 看哪個智障先跑 看著手腕 拿著把刀 才敢往自己跑 不再嚮往著自由的空氣 也相信了看似無理的命運 不再嚮往著自由的空氣 把日子交給遲到的契機 真以為你不想出去 活在這所謂人間的地獄 真以為你還能出去 告訴你我掩埋的秘密 不再嚮往著自由的空氣 也相信了看似無理的命運 不再嚮往著自由的空氣 把日子交給遲到的契機 不再嚮往著自由的空氣 也相信了看似無理的命運 不再嚮往著自由的空氣 把日子交給遲到的契機 不再嚮往著自由的空氣 也相信了看似無理的命運 不再嚮往著自由的空氣 把日子交給遲到的契機 
靜靜待在 這座監牢 看哪個智障先跑 看著手腕 拿著把刀 才敢往自己跑
不再嚮往著自由的空氣 也相信了看似無理的命運 不再嚮往著自由的空氣 把日子交給遲到的契機
真以為你不想出去 活在這所謂人間的地獄 真以為你還能出去 告訴你我掩埋的秘密
不再嚮往著自由的空氣 也相信了看似無理的命運 不再嚮往著自由的空氣 把日子交給遲到的契機
不再嚮往著自由的空氣 也相信了看似無理的命運 不再嚮往著自由的空氣 把日子交給遲到的契機
不再嚮往著自由的空氣 也相信了看似無理的命運 不再嚮往著自由的空氣 把日子交給遲到的契機
留言（ 2 ） 最相關留言 所有留言
留言（ 2 ）",2026-08-05,,編輯推薦,True,False,
2026-08-17 09:56:08,realtime,rock,,,19,寸 Chune,生生不息 Unceasing,15,1046,2,https://streetvoice.com/hanachune/songs/871645/,https://streetvoice.com/hanachune/,"https://akstatic.streetvoice.com/profile_images/ha/na/hanachune/oGPVXf6ypW38cndPvYrqmq.jpeg?x-oss-process=image/resize,m_fixed,h_1,w_1,limit_0/resize,m_fixed,h_630,w_1200,limit_0/watermark,image_cHJvZmlsZV9pbWFnZXMvaGEvbmEvaGFuYWNodW5lL29HUFZYZjZ5cFczOGNuZFB2WXJxbXEuanBlZz94LW9zcy1wcm9jZXNzPWltYWdlL3Jlc2l6ZSxtX2ZpeGVkLGhfMzQ0LHdfMzQ0LGxpbWl0XzA,g_nw,x_428,y_143/watermark,image_YXNzZXQvaW1hZ2VzL21ldGFpbWFnZS1zb25nLnBuZw,g_nw,x_0,y_0",images/871645.jpeg,@hanachune,音樂人,台灣,2012-06-01,,11,22,1,,,https://www.youtube.com/user/StreetVoiceTV,音樂之穩態 自然出格《粼》專輯巡迴專訪|||https://blow.streetvoice.com/36093/?utm_source=streetvoice&utm_medium=profile-news-block,,Alternative,生生不息 Unceasing,https://streetvoice.com/hanachune/songs/album/97325785/,,,"你埋了情慾和情趣 悲傷卻留在髮絲裡 剪斷 生長 再做造型 你捱過每一寸噪音 細細爬耳蝸的神經 解開 纏繞 接收訊息 你迷信所有的聰明 計算潛意識的對比 只剩 意識 不清醒 你藏了疲倦和脾氣 卻忘了練習傾聽 只剩 沈默 有聲音 生生不息 又被突襲 生生不息 又被突襲 生生不息 又被突襲 生生不息 又被突襲 你埋了情慾與情趣 悲傷卻留在髮絲裡 剪斷 生長 再做造型 
你埋了情慾和情趣 悲傷卻留在髮絲裡 剪斷 生長 再做造型
你捱過每一寸噪音 細細爬耳蝸的神經 解開 纏繞 接收訊息
你迷信所有的聰明 計算潛意識的對比 只剩 意識 不清醒
你藏了疲倦和脾氣 卻忘了練習傾聽 只剩 沈默 有聲音
生生不息 又被突襲 生生不息 又被突襲
生生不息 又被突襲 生生不息 又被突襲
你埋了情慾與情趣 悲傷卻留在髮絲裡 剪斷 生長 再做造型
留言（ 2 ） 最相關留言 所有留言
留言（ 2 ）",2026-07-28,,Song of the Day; 編輯推薦,True,True,
2026-08-17 09:56:08,realtime,rock,,,20,漂流木DriftWood,DoorWay,6,82,0,https://streetvoice.com/DriftWood/songs/871260/,https://streetvoice.com/DriftWood/,"https://akstatic.streetvoice.com/song_covers/Dr/if/DriftWood/bSZCMPNwg9uNoaF3FAXHDF.jpeg?x-oss-process=image/resize,m_fixed,h_1,w_1,limit_0/resize,m_fixed,h_630,w_1200,limit_0/watermark,image_c29uZ19jb3ZlcnMvRHIvaWYvRHJpZnRXb29kL2JTWkNNUE53Zzl1Tm9hRjNGQVhIREYuanBlZz94LW9zcy1wcm9jZXNzPWltYWdlL3Jlc2l6ZSxtX2ZpeGVkLGhfMzQ0LHdfMzQ0LGxpbWl0XzA,g_nw,x_428,y_143/watermark,image_YXNzZXQvaW1hZ2VzL21ldGFpbWFnZS1zb25nLnBuZw,g_nw,x_0,y_0",images/871260.jpeg,@DriftWood,音樂人,,,,7,26,,,,https://www.youtube.com/user/StreetVoiceTV,,,Rock,Loyal Misser,https://streetvoice.com/DriftWood/songs/album/97325767/,,"音樂製作 Music Credit : 製作人 producer | Jesko 作詞 Lyricist | 242 作曲 Composer | 242 編曲 Arranger | 漂流木DriftWood 人聲Vocal | 242 電吉他 Electric Guitar | Jesko 242 貝斯 Bass | 張嘉樂 鼓 Drums | 高宇 和聲編寫 Backing Vocal Arranger | 242 人聲錄音室 Vocal Recording Studio | 城市科技大學錄音室,頂樓RoofTop Studio 樂器錄音師 Instruments Recording Engineer | Jesko 樂器錄音室 Instruments Recording Studio | 頂樓RoofTop Studio 混音師 Mixing Engineer | Jesko 混音工作室 Mixing Studio | 頂樓RoofTop Studio 母帶後期工程師 Mastering Engineer | Jesko 母帶後期錄音室 Mastering Studio | 頂樓RoofTop Studio 
音樂製作 Music Credit : 製作人 producer | Jesko 作詞 Lyricist | 242 作曲 Composer | 242 編曲 Arranger | 漂流木DriftWood 人聲Vocal | 242 電吉他 Electric Guitar | Jesko 242 貝斯 Bass | 張嘉樂 鼓 Drums | 高宇 和聲編寫 Backing Vocal Arranger | 242 人聲錄音室 Vocal Recording Studio | 城市科技大學錄音室,頂樓RoofTop Studio 樂器錄音師 Instruments Recording Engineer | Jesko 樂器錄音室 Instruments Recording Studio | 頂樓RoofTop Studio 混音師 Mixing Engineer | Jesko 混音工作室 Mixing Studio | 頂樓RoofTop Studio 母帶後期工程師 Mastering Engineer | Jesko 母帶後期錄音室 Mastering Studio | 頂樓RoofTop Studio","Now I’m standing by the door Watching you go Our dog is crying The bed feels empty every little hope is gone I hope he will take care of you Holding your hand just like I used to I know you won’t feel a thing You never do But I still missing you I miss the old us Can you bring back the time The time we fly together I can see myself through your eyes I miss the old us Can you bring back the time The time we fly together And you still love me forever This world isn’t meant for us I still dream about you every night Tell me honey How can I forget you Only you can make me laugh And only you can make me cry I know you won’t feel a thing You never do But I still missing you I miss the old us Can you bring back the time The time we fly together I can see myself through your eyes I miss the old us Can you bring back the time The time we fly together And you still love me forever I keep whispering you’re coming back Like I can make it true I still dream about you every night Baby I’m Begging you to come home Oh don’t you know I can’t live without you You won’t remember me And I won’t be able to forget you You won’t remember me And I won’t be able to forget you You won’t remember me (I miss the old us,Can you bring back the time) And I won’t be able to forget you (The time we fly together ,I can see myself through your eye)s You won’t remember me (I miss the old us,Can you bring back the time) And I won’t be able to forget you (The time we fly together,And you still love me forever ) 
Now I’m standing by the door Watching you go Our dog is crying The bed feels empty every little hope is gone I hope he will take care of you Holding your hand just like I used to
I know you won’t feel a thing You never do But I still missing you
I miss the old us Can you bring back the time The time we fly together I can see myself through your eyes I miss the old us Can you bring back the time The time we fly together And you still love me forever
This world isn’t meant for us I still dream about you every night Tell me honey How can I forget you Only you can make me laugh And only you can make me cry
I know you won’t feel a thing You never do But I still missing you
I miss the old us Can you bring back the time The time we fly together I can see myself through your eyes I miss the old us Can you bring back the time The time we fly together And you still love me forever
I keep whispering you’re coming back Like I can make it true I still dream about you every night Baby I’m Begging you to come home Oh don’t you know I can’t live without you
You won’t remember me And I won’t be able to forget you You won’t remember me And I won’t be able to forget you You won’t remember me (I miss the old us,Can you bring back the time) And I won’t be able to forget you (The time we fly together ,I can see myself through your eye)s You won’t remember me (I miss the old us,Can you bring back the time) And I won’t be able to forget you (The time we fly together,And you still love me forever )
留言（ 0 ） 最相關留言 所有留言
留言（ 0 ）",2026-08-10,,編輯推薦,True,False,
2026-08-17 09:56:08,realtime,rock,,,21,漂流木DriftWood,All I ever need,4,148,0,https://streetvoice.com/DriftWood/songs/871258/,https://streetvoice.com/DriftWood/,"https://akstatic.streetvoice.com/song_covers/Dr/if/DriftWood/bSZCMPNwg9uNoaF3FAXHDF.jpeg?x-oss-process=image/resize,m_fixed,h_1,w_1,limit_0/resize,m_fixed,h_630,w_1200,limit_0/watermark,image_c29uZ19jb3ZlcnMvRHIvaWYvRHJpZnRXb29kL2JTWkNNUE53Zzl1Tm9hRjNGQVhIREYuanBlZz94LW9zcy1wcm9jZXNzPWltYWdlL3Jlc2l6ZSxtX2ZpeGVkLGhfMzQ0LHdfMzQ0LGxpbWl0XzA,g_nw,x_428,y_143/watermark,image_YXNzZXQvaW1hZ2VzL21ldGFpbWFnZS1zb25nLnBuZw,g_nw,x_0,y_0",images/871258.jpeg,@DriftWood,音樂人,,,,7,26,,,,https://www.youtube.com/user/StreetVoiceTV,,,Rock,Loyal Misser,https://streetvoice.com/DriftWood/songs/album/97325767/,,"音樂製作 Music Credit : 製作人 producer | Jesko 作詞 Lyricist | 242 作曲 Composer | Jesko 編曲 Arranger | 漂流木DriftWood 人聲Vocal | 242  Jesko 張嘉樂 電吉他 Electric Guitar | Jesko 242 貝斯 Bass | 張嘉樂 和聲編寫 Backing Vocal Arranger | 242 人聲錄音室 Vocal Recording Studio | 頂樓RoofTop Studio 樂器錄音師 Instruments Recording Engineer | Jesko 樂器錄音室 Instruments Recording Studio | 頂樓RoofTop Studio 混音師 Mixing Engineer | Jesko 混音工作室 Mixing Studio | 頂樓RoofTop Studio 母帶後期工程師 Mastering Engineer | Jesko 母帶後期錄音室 Mastering Studio | 頂樓RoofTop Studio 
音樂製作 Music Credit : 製作人 producer | Jesko 作詞 Lyricist | 242 作曲 Composer | Jesko 編曲 Arranger | 漂流木DriftWood 人聲Vocal | 242  Jesko 張嘉樂 電吉他 Electric Guitar | Jesko 242 貝斯 Bass | 張嘉樂 和聲編寫 Backing Vocal Arranger | 242 人聲錄音室 Vocal Recording Studio | 頂樓RoofTop Studio 樂器錄音師 Instruments Recording Engineer | Jesko 樂器錄音室 Instruments Recording Studio | 頂樓RoofTop Studio 混音師 Mixing Engineer | Jesko 混音工作室 Mixing Studio | 頂樓RoofTop Studio 母帶後期工程師 Mastering Engineer | Jesko 母帶後期錄音室 Mastering Studio | 頂樓RoofTop Studio","I never dream about love Until I met you I can not stop thinking about Everything that we could Baby when you come closer to me I feel your breath your love so deep inside of me Nothing will be the same without you With you by my side There is nothing I can’t do You are all I ever need Even when I’m blind I know you be there for me You are all I ever need I finally find the one You’re all I ever need One simple love song Can’t tell you what you mean to me I know love had hurt you before Been through some lonely times alone But Im here baby I’m here for you Just lay down beside me Let the eyes talk for me Every little thing reminds me of you Every time you leave I lost a part of me You are all I ever need Even when I’m blind I know you be there for me You are all I ever need I finally find the one You’re all I ever need You are all I ever need Even when I’m blind I know you be there for me You are all I ever need I finally find the one You’re all I ever need 
I never dream about love Until I met you I can not stop thinking about Everything that we could
Baby when you come closer to me I feel your breath your love so deep inside of me Nothing will be the same without you With you by my side There is nothing I can’t do
You are all I ever need Even when I’m blind I know you be there for me You are all I ever need I finally find the one You’re all I ever need
One simple love song Can’t tell you what you mean to me I know love had hurt you before Been through some lonely times alone
But Im here baby I’m here for you Just lay down beside me Let the eyes talk for me Every little thing reminds me of you Every time you leave I lost a part of me
You are all I ever need Even when I’m blind I know you be there for me You are all I ever need I finally find the one You’re all I ever need
You are all I ever need Even when I’m blind I know you be there for me You are all I ever need I finally find the one You’re all I ever need
留言（ 0 ） 最相關留言 所有留言
留言（ 0 ）",2026-08-10,,編輯推薦,True,False,
2026-08-17 09:56:08,realtime,rock,,,22,漂流木DriftWood,窗,5,83,0,https://streetvoice.com/DriftWood/songs/871257/,https://streetvoice.com/DriftWood/,"https://akstatic.streetvoice.com/song_covers/Dr/if/DriftWood/bSZCMPNwg9uNoaF3FAXHDF.jpeg?x-oss-process=image/resize,m_fixed,h_1,w_1,limit_0/resize,m_fixed,h_630,w_1200,limit_0/watermark,image_c29uZ19jb3ZlcnMvRHIvaWYvRHJpZnRXb29kL2JTWkNNUE53Zzl1Tm9hRjNGQVhIREYuanBlZz94LW9zcy1wcm9jZXNzPWltYWdlL3Jlc2l6ZSxtX2ZpeGVkLGhfMzQ0LHdfMzQ0LGxpbWl0XzA,g_nw,x_428,y_143/watermark,image_YXNzZXQvaW1hZ2VzL21ldGFpbWFnZS1zb25nLnBuZw,g_nw,x_0,y_0",images/871257.jpeg,@DriftWood,音樂人,,,,7,26,,,,https://www.youtube.com/user/StreetVoiceTV,,,Rock,Loyal Misser,https://streetvoice.com/DriftWood/songs/album/97325767/,,"音樂製作 Music Credit : 製作人 producer | Jesko 作詞 Lyricist | 242 作曲 Composer | 242 編曲 Arranger | 漂流木DriftWood 人聲Vocal | 242 電吉他 Electric Guitar | Jesko 242 貝斯 Bass | 張嘉樂 鼓 Drums | 高宇 和聲編寫 Backing Vocal Arranger | 242 人聲錄音室 Vocal Recording Studio | 頂樓RoofTop Studio 樂器錄音師 Instruments Recording Engineer | Jesko 樂器錄音室 Instruments Recording Studio | 頂樓RoofTop Studio 混音師 Mixing Engineer | Jesko 混音工作室 Mixing Studio | 頂樓RoofTop Studio 母帶後期工程師 Mastering Engineer | Jesko 母帶後期錄音室 Mastering Studio | 頂樓RoofTop Studio 
音樂製作 Music Credit : 製作人 producer | Jesko 作詞 Lyricist | 242 作曲 Composer | 242 編曲 Arranger | 漂流木DriftWood 人聲Vocal | 242 電吉他 Electric Guitar | Jesko 242 貝斯 Bass | 張嘉樂 鼓 Drums | 高宇 和聲編寫 Backing Vocal Arranger | 242 人聲錄音室 Vocal Recording Studio | 頂樓RoofTop Studio 樂器錄音師 Instruments Recording Engineer | Jesko 樂器錄音室 Instruments Recording Studio | 頂樓RoofTop Studio 混音師 Mixing Engineer | Jesko 混音工作室 Mixing Studio | 頂樓RoofTop Studio 母帶後期工程師 Mastering Engineer | Jesko 母帶後期錄音室 Mastering Studio | 頂樓RoofTop Studio","我也忘了從何時 不再去在乎你的故事 照 著鏡子 刮著鬍子 麻木的插上鑰匙 或許他 懂得你 知道你眉頭緊縮的表情 如果你不再愛看我的眼睛 我還是會注視著你 當你需要我的情 我永遠會在這裡等你 如果我還在你某處的心 就拜託讓我愛著你 別怕我不在 只怕你不在 這裡 真是美好的一天 又和之前一樣沒有變 好像已經習慣 和你走的影子作伴 有點可悲 有點可憐 卻也有點心安 如果你不再愛看我的眼睛 我還是會注視著你 當你需要我的情 我永遠會在這裡等你 如果我還在你某處的心 就拜託讓我愛著你 別怕我不在 只怕你不在 原來我一直活在 你的 眼睛裡 讓我無法忘記 無法接續 卻又心甘情願的 被你困在這裡 
我也忘了從何時 不再去在乎你的故事 照 著鏡子 刮著鬍子 麻木的插上鑰匙 或許他 懂得你 知道你眉頭緊縮的表情
如果你不再愛看我的眼睛 我還是會注視著你 當你需要我的情 我永遠會在這裡等你 如果我還在你某處的心 就拜託讓我愛著你 別怕我不在 只怕你不在 這裡
真是美好的一天 又和之前一樣沒有變 好像已經習慣 和你走的影子作伴 有點可悲 有點可憐 卻也有點心安
如果你不再愛看我的眼睛 我還是會注視著你 當你需要我的情 我永遠會在這裡等你 如果我還在你某處的心 就拜託讓我愛著你 別怕我不在 只怕你不在 原來我一直活在 你的 眼睛裡 讓我無法忘記 無法接續 卻又心甘情願的 被你困在這裡
留言（ 0 ） 最相關留言 所有留言
留言（ 0 ）",2026-08-10,,編輯推薦,True,False,
2026-08-17 09:56:08,realtime,rock,,,23,日秋,我猶原咧找一个所在,1,3,0,https://streetvoice.com/riqiu/songs/874830/,https://streetvoice.com/riqiu/,"https://akstatic.streetvoice.com/song_covers/ri/qi/riqiu/KkrigS6rZa4SLEWh3EBmUb.jpeg?x-oss-process=image/resize,m_fixed,h_1,w_1,limit_0/resize,m_fixed,h_630,w_1200,limit_0/watermark,image_c29uZ19jb3ZlcnMvcmkvcWkvcmlxaXUvS2tyaWdTNnJaYTRTTEVXaDNFQm1VYi5qcGVnP3gtb3NzLXByb2Nlc3M9aW1hZ2UvcmVzaXplLG1fZml4ZWQsaF8zNDQsd18zNDQsbGltaXRfMA,g_nw,x_428,y_143/watermark,image_YXNzZXQvaW1hZ2VzL21ldGFpbWFnZS1zb25nLnBuZw,g_nw,x_0,y_0",images/874830.jpeg,@riqiu,音樂人,台灣,2026-08-01,,1,3,,,,https://www.youtube.com/user/StreetVoiceTV,微酸的偷窺狂 五週年巨獻 MV 宣傳片搶先聞香《日日秋》巡迴場次公開|||https://blow.streetvoice.com/23830/?utm_source=streetvoice&utm_medium=profile-news-block; 微酸的偷窺狂新EP首波主打〈Lucky〉 動畫MV邀餵飽豬主唱擔任導演|||https://blow.streetvoice.com/63162/?utm_source=streetvoice&utm_medium=profile-news-block,,Rock,,,,,"為什麼 佇這咧所在 悲傷 為什麼 目屎摳摳啊流 海風對樓窗走入來 同款的故事 哪會發生佇同款的所在 是誰 偷偷決定我的命運 是誰 束縛著 自由靈魂 一線一線畫著雙腳站的所在 才發現 我站佇 無名的所在 你甘會驚 驚這咧風雨世界中 破碎欸 心無地放 佇海湧高低中 我踮佇岸邊聽 浪一陣一陣 拍袂停 我猶原咧找一個所在 一個溫柔的 會當生活的所在 我猶原咧找一個所在 一個安心的 會當自己決定的所在 我猶原咧找一個所在 一個會當踮踮聽海湧的所在 一個有聲 有名 的所在 有人講 向前就會放抹記 有人 揹著傷痕過日子 家佇陀位 我輕輕仔問 浪一聲一聲 攏無答案 目屎裡底 覓著不甘願 最尾的溫柔 留給你 為什麼到現在 過了這麼多年 我猶原苦苦仔咧找 
為什麼 佇這咧所在 悲傷 為什麼 目屎摳摳啊流 海風對樓窗走入來 同款的故事 哪會發生佇同款的所在
是誰 偷偷決定我的命運 是誰 束縛著 自由靈魂 一線一線畫著雙腳站的所在 才發現 我站佇 無名的所在
你甘會驚 驚這咧風雨世界中 破碎欸 心無地放 佇海湧高低中 我踮佇岸邊聽 浪一陣一陣 拍袂停
我猶原咧找一個所在 一個溫柔的 會當生活的所在 我猶原咧找一個所在 一個安心的 會當自己決定的所在 我猶原咧找一個所在 一個會當踮踮聽海湧的所在 一個有聲 有名 的所在
有人講 向前就會放抹記 有人 揹著傷痕過日子 家佇陀位 我輕輕仔問 浪一聲一聲 攏無答案
目屎裡底 覓著不甘願 最尾的溫柔 留給你 為什麼到現在 過了這麼多年 我猶原苦苦仔咧找
留言（ 0 ） 最相關留言 所有留言
留言（ 0 ）",2026-08-15,,,False,False,
2026-08-17 09:56:08,realtime,rock,,,24,腦體馬戲團 Circus Braintly,02-戰神ft.知更,27,1526,1,https://streetvoice.com/CircusBraintly/songs/870506/,https://streetvoice.com/CircusBraintly/,"https://akstatic.streetvoice.com/music_albums/Ci/rc/CircusBraintly/TXUgHHKwLEW38cMjanSAjS.jpeg?x-oss-process=image/resize,m_fixed,h_1,w_1,limit_0/resize,m_fixed,h_630,w_1200,limit_0/watermark,image_bXVzaWNfYWxidW1zL0NpL3JjL0NpcmN1c0JyYWludGx5L1RYVWdISEt3TEVXMzhjTWphblNBalMuanBlZz94LW9zcy1wcm9jZXNzPWltYWdlL3Jlc2l6ZSxtX2ZpeGVkLGhfMzQ0LHdfMzQ0LGxpbWl0XzA,g_nw,x_428,y_143/watermark,image_YXNzZXQvaW1hZ2VzL21ldGFpbWFnZS1zb25nLnBuZw,g_nw,x_0,y_0",images/870506.jpeg,@CircusBraintly,音樂人,台中市,2008-04-01,,16,6674,10,,,https://www.youtube.com/user/StreetVoiceTV,,,Rock,"The Good News, The Bad News & The Fake",https://streetvoice.com/CircusBraintly/songs/album/97325736/,,"深刻剖析網路「鍵盤俠」的心理圖景。編曲上重現西部片式的對峙張力，群眾手持文字子彈，站在道德頂端發動制裁，沉溺於虛擬世界中「一夫當關、神擋殺神」的正義審判。 ""拿起你的鍵盤，跟我決一死戰!!"" 
深刻剖析網路「鍵盤俠」的心理圖景。編曲上重現西部片式的對峙張力，群眾手持文字子彈，站在道德頂端發動制裁，沉溺於虛擬世界中「一夫當關、神擋殺神」的正義審判。
""拿起你的鍵盤，跟我決一死戰!!""","噢 我是個戰神 我一夫當關 我力挽狂瀾 噢 我是個戰神 我身經百戰 他們聞風喪膽 噢 我是個戰神 站在道德的頂端 發動制裁 噢 我是個戰神 用文字做為子彈 裝進上膛的鍵盤 我代表正義的審判 把你送上刑台 這戰場誰都可能是槍下亡魂 誰不想自稱是正義的化身 放下鍵盤 立地成佛 不殺生 不可能 舉起手中的滑鼠準星彼此瞄準 你別只會躲在那用螢幕做成的盾 我佛擋殺佛 神擋殺神 不過是殺死另個""帳號名稱"" 噢 我是個戰神 我一夫當關 我力挽狂瀾 噢 我是個戰神 我身經百戰 他們聞風喪膽 噢 我是個戰神 站在道德的頂端 發動制裁 噢 我是個戰神 用文字做為子彈 裝進上膛的鍵盤 我代表正義的審判 把你送上刑台 這戰場誰都可能是槍下亡魂 誰都想自稱是正義的化身 放下鍵盤 立地成佛 不殺生 不可能 舉起手中的滑鼠準星彼此瞄準 你別只會躲在那用螢幕做成的盾 佛擋殺佛 神擋殺神 成為無情的戰神 噢 我是個戰神 我一夫當關 我力挽狂瀾 噢 我是個戰神 我身經百戰 他們聞風喪膽 噢 我是個戰神 我一夫當關 我力挽狂瀾 噢 我是個戰神 我身經百戰 他們聞風喪膽 
噢 我是個戰神 我一夫當關 我力挽狂瀾 噢 我是個戰神 我身經百戰 他們聞風喪膽 噢 我是個戰神 站在道德的頂端 發動制裁 噢 我是個戰神
用文字做為子彈 裝進上膛的鍵盤 我代表正義的審判 把你送上刑台
這戰場誰都可能是槍下亡魂 誰不想自稱是正義的化身 放下鍵盤 立地成佛 不殺生 不可能
舉起手中的滑鼠準星彼此瞄準 你別只會躲在那用螢幕做成的盾 我佛擋殺佛 神擋殺神 不過是殺死另個""帳號名稱""
噢 我是個戰神 我一夫當關 我力挽狂瀾 噢 我是個戰神 我身經百戰 他們聞風喪膽 噢 我是個戰神 站在道德的頂端 發動制裁 噢 我是個戰神
用文字做為子彈 裝進上膛的鍵盤 我代表正義的審判 把你送上刑台
這戰場誰都可能是槍下亡魂 誰都想自稱是正義的化身 放下鍵盤 立地成佛 不殺生 不可能
舉起手中的滑鼠準星彼此瞄準 你別只會躲在那用螢幕做成的盾 佛擋殺佛 神擋殺神 成為無情的戰神
噢 我是個戰神 我一夫當關 我力挽狂瀾 噢 我是個戰神 我身經百戰 他們聞風喪膽 噢 我是個戰神 我一夫當關 我力挽狂瀾 噢 我是個戰神 我身經百戰 他們聞風喪膽
留言（ 1 ） 最相關留言 所有留言
留言（ 1 ）",2026-07-22,,Song of the Day; 編輯推薦,True,True,
2026-08-17 09:56:08,realtime,rock,,,25,林潔心,社交距離 ft.KiBi (from sucola vo.),91,3362,29,https://streetvoice.com/ddkogi/songs/872577/,https://streetvoice.com/ddkogi/,"https://akstatic.streetvoice.com/song_covers/dd/ko/ddkogi/7g6JEigeonRtvWYPrPjKnF.jpg?x-oss-process=image/resize,m_fixed,h_1,w_1,limit_0/resize,m_fixed,h_630,w_1200,limit_0/watermark,image_c29uZ19jb3ZlcnMvZGQva28vZGRrb2dpLzdnNkpFaWdlb25SdHZXWVByUGpLbkYuanBnP3gtb3NzLXByb2Nlc3M9aW1hZ2UvcmVzaXplLG1fZml4ZWQsaF8zNDQsd18zNDQsbGltaXRfMA,g_nw,x_428,y_143/watermark,image_YXNzZXQvaW1hZ2VzL21ldGFpbWFnZS1zb25nLnBuZw,g_nw,x_0,y_0",images/872577.jpg,@ddkogi,音樂人,新北市,2023-08-01,2023-09-12 13:59,15,3305,12,,https://instagram.com/ddkogi88,https://www.youtube.com/user/StreetVoiceTV,2025萬華大鬧熱11/29登場！一次集結李英宏、someshiit山姆、林潔心等17組饒舌歌手|||https://blow.streetvoice.com/84565/?utm_source=streetvoice&utm_medium=profile-news-block; 2025 Park Park Carnival首日回顧：林潔心豔陽下帶動「全民喝水運動」、芒果醬參演四年首登主舞台！|||https://blow.streetvoice.com/82722/?utm_source=streetvoice&utm_medium=profile-news-block; 林潔心推出全新單曲〈我們仍未知曉的雨晴〉8月展開〈夏日疾走〉小巡迴|||https://blow.streetvoice.com/82155/?utm_source=streetvoice&utm_medium=profile-news-block,,Alternative,,,,"💧💧💧 8/25第二張創作專輯 上線🔥 8/3 社交距離 串流上架！ - 我常在想人與人之間的關係， 到底是該濃還是淡？ 距離到底是該近，還是該遠？ 太近了，怕成為負擔；退後一步，又顯得過於防備。 如果人與人之間的心是透明的就好了， 這樣我們是不是就不用猜得那麼辛苦了呢？ - 全新單曲〈社交距離〉，以現代人的社交焦慮為靈感，透過冷冽電子聲響與流暢器樂，細膩描繪關係中那種靠近又退後的拉扯。這次，潔心特別邀請日本新聲代樂團「sucola 」主唱 KiBi 跨國合唱，並攜手獨立樂團「守夜人 」主唱、放飛音樂創辦人 秦旭章 WiFi 作詞作曲，以跨越語言的對唱和層層堆疊的聲響，細膩刻畫 Z 世代共同經歷的社交距離。 ☼ 在冷冽電子顆粒與流暢樂器之間，重新丈量心與心的刻度，正式預告第二張專輯《永恆少年少女》將於 8/25 發行 ☼ 演唱 Artist｜林潔心 ddkogi88、KiBi 作詞 Lyricist｜安眠巫師 WiFi、林潔心 ddkogi88、KiBi 作曲 Composer｜秦旭章 WiFi、林潔心 ddkogi88 製作人 Producer｜紀昱名 Watorest 編曲 Arrangement｜紀昱名 Watorest 電吉他 Electric Guitar｜鍾承洋 Chung Cheng Yang 貝斯 Bass｜姜恒 Jams 節奏設計協力 Drum Arranger Coordinator｜Flowstrong、陳緯陵 錄音工程師 Recording Engineers｜吳昱儒Lulu 錄音錄音室 Recording Studio｜Lu音室 混音工程師 Mixing Engineer｜吳昱儒Lulu 母帶後期處理工程師 Mastering Engineer｜Thomas 莊鈞智 母帶後期錄音室 Mastering Studio | Sketch Studio 出品 Produced by｜Shabby Boyz (P)&(C) 2026 Shabby Boyz 
💧💧💧 8/25第二張創作專輯 上線🔥 8/3 社交距離 串流上架！
- 我常在想人與人之間的關係， 到底是該濃還是淡？ 距離到底是該近，還是該遠？ 太近了，怕成為負擔；退後一步，又顯得過於防備。 如果人與人之間的心是透明的就好了， 這樣我們是不是就不用猜得那麼辛苦了呢？ -
全新單曲〈社交距離〉，以現代人的社交焦慮為靈感，透過冷冽電子聲響與流暢器樂，細膩描繪關係中那種靠近又退後的拉扯。這次，潔心特別邀請日本新聲代樂團「sucola 」主唱 KiBi 跨國合唱，並攜手獨立樂團「守夜人 」主唱、放飛音樂創辦人 秦旭章 WiFi 作詞作曲，以跨越語言的對唱和層層堆疊的聲響，細膩刻畫 Z 世代共同經歷的社交距離。
☼ 在冷冽電子顆粒與流暢樂器之間，重新丈量心與心的刻度，正式預告第二張專輯《永恆少年少女》將於 8/25 發行 ☼
演唱 Artist｜林潔心 ddkogi88、KiBi 作詞 Lyricist｜安眠巫師 WiFi、林潔心 ddkogi88、KiBi 作曲 Composer｜秦旭章 WiFi、林潔心 ddkogi88
製作人 Producer｜紀昱名 Watorest 編曲 Arrangement｜紀昱名 Watorest
電吉他 Electric Guitar｜鍾承洋 Chung Cheng Yang 貝斯 Bass｜姜恒 Jams 節奏設計協力 Drum Arranger Coordinator｜Flowstrong、陳緯陵
錄音工程師 Recording Engineers｜吳昱儒Lulu 錄音錄音室 Recording Studio｜Lu音室 混音工程師 Mixing Engineer｜吳昱儒Lulu 母帶後期處理工程師 Mastering Engineer｜Thomas 莊鈞智 母帶後期錄音室 Mastering Studio | Sketch Studio
出品 Produced by｜Shabby Boyz (P)&(C) 2026 Shabby Boyz","如果距離是種誤解 肩並肩心卻錯位 想多還少 看一眼就了解 看那 炙熱的雙眼 與他 交錯的瞬間 該進還是退遠 這份比例難拿捏 又一次無解 該如何去調配 在我們之間 愛得太濃是我的誤解 若感到困惑我實在抱歉 就稀釋我 多加一些水 Yeah Yeah Yeah 人群中疲憊於相遇離別 愛多愛少都顯太諂媚 就蒸發過後 誰也不欠誰 Yeah Yeah Yeah 該怎麼做由你拿捏 もし君の心のメモリ（memory） 如果能將你心底的 可視化できたらno worry 完全可視化的話 就 no worry 氷らせてたfeeling 那些曾被你結冰的 feeling 溶かして　あげたい 好想幫你 融化在一起 ねえ開心だって担心だって 不管是開心 還是擔心 すぐにわかっちゃう　もっとshow me 我一眼就能看清 快點 show me デバイスは捨てて 手機先放一邊吧 二人で触れて 用體溫去感受彼此 so需要 你我 愛得太濃是我的誤解 若感到困惑我實在抱歉 就稀釋我 多加一些水 Yeah Yeah Yeah 也或許一切 歸咎於那 想太多 是 我 太眷戀 沈醉在舊傷與 往事情節 就蒸發過後 誰也不欠誰 Yeah Yeah Yeah 化作雲煙 你我之間 
如果距離是種誤解 肩並肩心卻錯位 想多還少 看一眼就了解 看那 炙熱的雙眼 與他 交錯的瞬間 該進還是退遠 這份比例難拿捏
又一次無解 該如何去調配 在我們之間
愛得太濃是我的誤解 若感到困惑我實在抱歉 就稀釋我 多加一些水 Yeah Yeah Yeah
人群中疲憊於相遇離別 愛多愛少都顯太諂媚 就蒸發過後 誰也不欠誰 Yeah Yeah Yeah 該怎麼做由你拿捏
もし君の心のメモリ（memory） 如果能將你心底的
可視化できたらno worry 完全可視化的話 就 no worry
氷らせてたfeeling 那些曾被你結冰的 feeling
溶かして　あげたい 好想幫你 融化在一起
ねえ開心だって担心だって 不管是開心 還是擔心
すぐにわかっちゃう　もっとshow me 我一眼就能看清 快點 show me
デバイスは捨てて 手機先放一邊吧
二人で触れて 用體溫去感受彼此
so需要 你我
愛得太濃是我的誤解 若感到困惑我實在抱歉 就稀釋我 多加一些水 Yeah Yeah Yeah 也或許一切 歸咎於那 想太多 是 我 太眷戀 沈醉在舊傷與 往事情節 就蒸發過後 誰也不欠誰 Yeah Yeah Yeah 化作雲煙 你我之間
留言（ 29 ） 最相關留言 所有留言
留言（ 29 ）",2026-08-02,,編輯推薦,True,False,
2026-08-17 09:56:08,realtime,rock,,,26,彥彥,love u self (demo),1,679,0,https://streetvoice.com/Gary86720/songs/874328/,https://streetvoice.com/Gary86720/,"https://akstatic.streetvoice.com/song_covers/Ga/ry/Gary86720/gEhMiikqjaQTy6vbdrPice.jpg?x-oss-process=image/resize,m_fixed,h_1,w_1,limit_0/resize,m_fixed,h_630,w_1200,limit_0/watermark,image_c29uZ19jb3ZlcnMvR2EvcnkvR2FyeTg2NzIwL2dFaE1paWtxamFRVHk2dmJkclBpY2UuanBnP3gtb3NzLXByb2Nlc3M9aW1hZ2UvcmVzaXplLG1fZml4ZWQsaF8zNDQsd18zNDQsbGltaXRfMA,g_nw,x_428,y_143/watermark,image_YXNzZXQvaW1hZ2VzL21ldGFpbWFnZS1zb25nLnBuZw,g_nw,x_0,y_0",images/874328.jpg,@Gary86720,音樂人,新竹縣,2017-01-01,,7,8,51,,,https://www.youtube.com/user/StreetVoiceTV,塵沐推出全新EP《When》 力邀偶像先知瑪莉Josh合作新歌〈什麼時候〉|||https://blow.streetvoice.com/78939/?utm_source=streetvoice&utm_medium=profile-news-block,,Rock,,,,"寫給習慣討好的妳。 總是太在意別人的情緒， 習慣迎合，成為別人喜歡的樣子。 害怕被討厭，害怕被離開， 於是一次次忘記自己。 愛你的人，不是因為你做了什麼， 而是因為你是你。 love u self. 
寫給習慣討好的妳。
總是太在意別人的情緒， 習慣迎合，成為別人喜歡的樣子。 害怕被討厭，害怕被離開， 於是一次次忘記自己。 愛你的人，不是因為你做了什麼， 而是因為你是你。
love u self.","我想我可以 陪著妳呼吸 不用太用力 也感受到平靜 相信你愛你 就會有勇氣 去面對著孤寂 也能笑笑的迎擊 不用害怕他會離開妳 就把自己給交出去 學會愛自己 不堪也沒關係 不用說好聽的話語 也值得全世界愛妳 善良的你 會有人真心 無條件的愛妳 存在的意義 不需靠他人的疼惜 先點亮妳自己 ㄧ群人圍向妳 在這愛慕虛榮的時代裡 漂亮話誰聽了都開心 我知道妳不喜歡啊 別再用力討好了吧 總有一天他會離開妳 別再把自己當成玩具 學會愛自己 擁抱脆弱的妳 當妳不在意他的情緒 全世界已開始愛妳 勇敢的妳 會有人真心 把妳捧在手掌心 把妳捧在手掌心 把妳捧在手掌心 把妳捧在手掌心 
我想我可以 陪著妳呼吸 不用太用力 也感受到平靜 相信你愛你 就會有勇氣 去面對著孤寂 也能笑笑的迎擊
不用害怕他會離開妳 就把自己給交出去 學會愛自己 不堪也沒關係 不用說好聽的話語 也值得全世界愛妳 善良的你 會有人真心 無條件的愛妳
存在的意義 不需靠他人的疼惜 先點亮妳自己 ㄧ群人圍向妳 在這愛慕虛榮的時代裡 漂亮話誰聽了都開心 我知道妳不喜歡啊 別再用力討好了吧
總有一天他會離開妳 別再把自己當成玩具 學會愛自己 擁抱脆弱的妳 當妳不在意他的情緒 全世界已開始愛妳 勇敢的妳 會有人真心 把妳捧在手掌心
把妳捧在手掌心
把妳捧在手掌心
把妳捧在手掌心
留言（ 0 ） 最相關留言 所有留言
留言（ 0 ）",2026-08-13,,,False,False,
2026-08-17 09:56:08,realtime,rock,,,27,冥冰StygianIce,track241（克孜勒河）,1,2,0,https://streetvoice.com/stygian_ice/songs/874970/,https://streetvoice.com/stygian_ice/,"https://akstatic.streetvoice.com/song_covers/st/yg/stygian_ice/Kx2bR8HsACkAetgrR9uVhW.jpg?x-oss-process=image/resize,m_fixed,h_1,w_1,limit_0/resize,m_fixed,h_630,w_1200,limit_0/watermark,image_c29uZ19jb3ZlcnMvc3QveWcvc3R5Z2lhbl9pY2UvS3gyYlI4SHNBQ2tBZXRnclI5dVZoVy5qcGc_eC1vc3MtcHJvY2Vzcz1pbWFnZS9yZXNpemUsbV9maXhlZCxoXzM0NCx3XzM0NCxsaW1pdF8w,g_nw,x_428,y_143/watermark,image_YXNzZXQvaW1hZ2VzL21ldGFpbWFnZS1zb25nLnBuZw,g_nw,x_0,y_0",images/874970.jpg,@stygian_ice,音樂人,,,,126,2,9,,,https://www.youtube.com/user/StreetVoiceTV,,,Rock,克孜勒河,https://streetvoice.com/stygian_ice/songs/album/97325905/,,,"這是沒有提供歌詞的歌曲
留言（ 0 ） 最相關留言 所有留言
留言（ 0 ）",2026-08-16,,,False,False,
2026-08-17 09:56:08,realtime,rock,,,28,PE/LIN,你的時代,1,4,0,https://streetvoice.com/peilin_katrin/songs/874950/,https://streetvoice.com/peilin_katrin/,"https://akstatic.streetvoice.com/song_covers/pe/il/peilin_katrin/Hw8Ex3ySdQSjuRPiQrw7gA.jpeg?x-oss-process=image/resize,m_fixed,h_1,w_1,limit_0/resize,m_fixed,h_630,w_1200,limit_0/watermark,image_c29uZ19jb3ZlcnMvcGUvaWwvcGVpbGluX2thdHJpbi9IdzhFeDN5U2RRU2p1UlBpUXJ3N2dBLmpwZWc_eC1vc3MtcHJvY2Vzcz1pbWFnZS9yZXNpemUsbV9maXhlZCxoXzM0NCx3XzM0NCxsaW1pdF8w,g_nw,x_428,y_143/watermark,image_YXNzZXQvaW1hZ2VzL21ldGFpbWFnZS1zb25nLnBuZw,g_nw,x_0,y_0",images/874950.jpeg,@peilin_katrin,音樂人,日本,2024-03-01,,1,,,,,https://www.youtube.com/user/StreetVoiceTV,,,Rock,,,,"希望身在這個時代的自己，能延續那單純善良的力量 Title for other regions: your world 
希望身在這個時代的自己，能延續那單純善良的力量
Title for other regions: your world","There is a moment Wish I could be in your world 這敢是你看過的風景 小雨過後青蘢蘢 漁港天頂柑仔色雲蕊 伊敢是你的形影 想欲知影過去的繁華 美麗的鄉社 油彩的光線 彼時是遮爾快活 從來無偉大的夢想 只為著生活打拚 哪會知變天的彼工... 用我這世人的精神 返企彼當時 共你救倒轉來 硬骨煞予誤解 才華煞予糟蹋 你永遠在我心內 天光需要等待 但願後世人隨意自在 在我的時代 延續你的愛 
There is a moment Wish I could be in your world
這敢是你看過的風景 小雨過後青蘢蘢
漁港天頂柑仔色雲蕊 伊敢是你的形影
想欲知影過去的繁華
美麗的鄉社 油彩的光線 彼時是遮爾快活
從來無偉大的夢想 只為著生活打拚 哪會知變天的彼工...
用我這世人的精神 返企彼當時 共你救倒轉來
硬骨煞予誤解 才華煞予糟蹋
你永遠在我心內
天光需要等待 但願後世人隨意自在
在我的時代 延續你的愛
留言（ 0 ） 最相關留言 所有留言
留言（ 0 ）",2026-08-16,,,False,False,
2026-08-17 09:56:08,realtime,rock,,,29,漂流木DriftWood,Some kinds of friend,5,86,0,https://streetvoice.com/DriftWood/songs/871262/,https://streetvoice.com/DriftWood/,"https://akstatic.streetvoice.com/song_covers/Dr/if/DriftWood/bSZCMPNwg9uNoaF3FAXHDF.jpeg?x-oss-process=image/resize,m_fixed,h_1,w_1,limit_0/resize,m_fixed,h_630,w_1200,limit_0/watermark,image_c29uZ19jb3ZlcnMvRHIvaWYvRHJpZnRXb29kL2JTWkNNUE53Zzl1Tm9hRjNGQVhIREYuanBlZz94LW9zcy1wcm9jZXNzPWltYWdlL3Jlc2l6ZSxtX2ZpeGVkLGhfMzQ0LHdfMzQ0LGxpbWl0XzA,g_nw,x_428,y_143/watermark,image_YXNzZXQvaW1hZ2VzL21ldGFpbWFnZS1zb25nLnBuZw,g_nw,x_0,y_0",images/871262.jpeg,@DriftWood,音樂人,,,,7,26,,,,https://www.youtube.com/user/StreetVoiceTV,,,Rock,Loyal Misser,https://streetvoice.com/DriftWood/songs/album/97325767/,,"音樂製作 Music Credit : 製作人 producer | Jesko 作詞 Lyricist | 242 作曲 Composer | Jesko 編曲 Arranger | 漂流木DriftWood 人聲Vocal | 242 Jesko 張嘉樂 電吉他 Electric Guitar | Jesko 242 貝斯 Bass | 張嘉樂 鼓 Drums | 高宇 和聲編寫 Backing Vocal Arranger | 242 Jesko 人聲錄音室 Vocal Recording Studio | 頂樓RoofTop Studio 樂器錄音師 Instruments Recording Engineer | Jesko 樂器錄音室 Instruments Recording Studio | 頂樓RoofTop Studio 混音師 Mixing Engineer | Jesko 混音工作室 Mixing Studio | 頂樓RoofTop Studio 母帶後期工程師 Mastering Engineer | Jesko 母帶後期錄音室 Mastering Studio | 頂樓RoofTop Studio 
音樂製作 Music Credit : 製作人 producer | Jesko 作詞 Lyricist | 242 作曲 Composer | Jesko 編曲 Arranger | 漂流木DriftWood 人聲Vocal | 242 Jesko 張嘉樂 電吉他 Electric Guitar | Jesko 242 貝斯 Bass | 張嘉樂 鼓 Drums | 高宇 和聲編寫 Backing Vocal Arranger | 242 Jesko 人聲錄音室 Vocal Recording Studio | 頂樓RoofTop Studio 樂器錄音師 Instruments Recording Engineer | Jesko 樂器錄音室 Instruments Recording Studio | 頂樓RoofTop Studio 混音師 Mixing Engineer | Jesko 混音工作室 Mixing Studio | 頂樓RoofTop Studio 母帶後期工程師 Mastering Engineer | Jesko 母帶後期錄音室 Mastering Studio | 頂樓RoofTop Studio","Look at the picture of us Two little kids falling in love I put  my head on the pillow Try to figure out how You’ve become someone I used to know No more tears on your face Nobody will be calling my name Every empty bottle Tries to kill my pain But I know you are the only one who can I will keep the sorrow And wake up all alone You were the song I could never make Now we’re just some kind of friends I used to believe every word you said Now we’re just some kind of friends What a sad thing I’m not someone you want It was a fun ride But I guess it’s time to say goodbye If one day you get married Will you be thinking of me all the crazy things we did After that one last kiss And the night we’ve been Nothing can me me feel so alive Without you I won’t be fine You were the song I could never make Now we’re just some kind of friends I used to believe every word you said Now we’re just some kind of friends 
Look at the picture of us Two little kids falling in love I put  my head on the pillow Try to figure out how You’ve become someone I used to know No more tears on your face Nobody will be calling my name Every empty bottle Tries to kill my pain But I know you are the only one who can
I will keep the sorrow And wake up all alone
You were the song I could never make Now we’re just some kind of friends I used to believe every word you said Now we’re just some kind of friends
What a sad thing I’m not someone you want It was a fun ride But I guess it’s time to say goodbye If one day you get married Will you be thinking of me all the crazy things we did After that one last kiss And the night we’ve been Nothing can me me feel so alive Without you I won’t be fine
You were the song I could never make Now we’re just some kind of friends I used to believe every word you said Now we’re just some kind of friends
留言（ 0 ） 最相關留言 所有留言
留言（ 0 ）",2026-08-10,,編輯推薦,True,False,
2026-08-17 09:56:08,realtime,rock,,,30,私藏,偽裝demo,4,45,3,https://streetvoice.com/slasuperstar0830/songs/874362/,https://streetvoice.com/slasuperstar0830/,"https://akstatic.streetvoice.com/song_covers/sl/as/slasuperstar0830/hTmnCwZFNMaAQYJz4yGLDr.jpeg?x-oss-process=image/resize,m_fixed,h_1,w_1,limit_0/resize,m_fixed,h_630,w_1200,limit_0/watermark,image_c29uZ19jb3ZlcnMvc2wvYXMvc2xhc3VwZXJzdGFyMDgzMC9oVG1uQ3daRk5NYUFRWUp6NHlHTERyLmpwZWc_eC1vc3MtcHJvY2Vzcz1pbWFnZS9yZXNpemUsbV9maXhlZCxoXzM0NCx3XzM0NCxsaW1pdF8w,g_nw,x_428,y_143/watermark,image_YXNzZXQvaW1hZ2VzL21ldGFpbWFnZS1zb25nLnBuZw,g_nw,x_0,y_0",images/874362.jpeg,@slasuperstar0830,音樂人,台中市,2020-11-01,,7,2,2,,,https://www.youtube.com/user/StreetVoiceTV,獨立音樂人私藏畢業照大公開|||https://blow.streetvoice.com/34419/?utm_source=streetvoice&utm_medium=profile-news-block; Tizzy Bac二度挑戰ACOUSTIC編制巡演 宣告《我想你會變成這樣都是我害的》20週年大企劃|||https://blow.streetvoice.com/87737/?utm_source=streetvoice&utm_medium=profile-news-block; EmptyORio釋出新專輯《ALL THE BEST》 展開成軍8週年巡迴|||https://blow.streetvoice.com/86579/?utm_source=streetvoice&utm_medium=profile-news-block,,Rock,,,,,"微笑是一道門鎖 把傷口藏在門後 說沒事只是借口 夜裡還是怕黑的我 白天說得灑脫 黑夜裡隱隱作痛 不想去辯解的我 眼淚都學會了沈默 如果哪天 會有人看透 破碎的軀殼裡 還有心跳在溫柔 不再假裝 沒有傷口 淚水能被冰封 微笑是一道門鎖 把傷口藏在門後 說沒事只是借口 夜裡還是怕黑的我 如果哪天 會有人看透 破碎的軀殼裡 還有心跳在溫柔 不再假裝 沒有傷口 淚水能被冰封 誰能懂我的執著 多少謊言沒說完 就埋進沉默裡腐爛 是誰哭紅了眼眸 還藏著真實的痛 拜託放過我 把謊言都帶走 如果哪天 會有人看透 破碎的軀殼裡 還有心跳在溫柔 不再假裝 沒有傷口 淚水能被冰封 誰能懂我的執著 也許有一天 會有人看透 請帶我穿過偽裝 讓靈魂能夠安放 不再逃走 可以擁抱真實 哪怕脆弱也足夠 
微笑是一道門鎖 把傷口藏在門後 說沒事只是借口 夜裡還是怕黑的我
白天說得灑脫 黑夜裡隱隱作痛 不想去辯解的我 眼淚都學會了沈默
如果哪天 會有人看透 破碎的軀殼裡 還有心跳在溫柔 不再假裝 沒有傷口 淚水能被冰封
微笑是一道門鎖 把傷口藏在門後 說沒事只是借口 夜裡還是怕黑的我
如果哪天 會有人看透 破碎的軀殼裡 還有心跳在溫柔 不再假裝 沒有傷口 淚水能被冰封 誰能懂我的執著
多少謊言沒說完 就埋進沉默裡腐爛 是誰哭紅了眼眸 還藏著真實的痛 拜託放過我 把謊言都帶走
如果哪天 會有人看透 破碎的軀殼裡 還有心跳在溫柔 不再假裝 沒有傷口 淚水能被冰封 誰能懂我的執著
也許有一天 會有人看透 請帶我穿過偽裝 讓靈魂能夠安放 不再逃走 可以擁抱真實 哪怕脆弱也足夠
留言（ 3 ） 最相關留言 所有留言
留言（ 3 ）",2026-08-13,,AI 協作 Rock,False,False,
2026-08-17 09:56:08,realtime,rock,,,31,無極西瓜刀,姿態搶先版,0,2,0,https://streetvoice.com/watermelonknife_wl/songs/874840/,https://streetvoice.com/watermelonknife_wl/,"https://akstatic.streetvoice.com/song_covers/wa/te/watermelonknife_wl/6cnXFghQyq7kvLyzjXtP4F.jpg?x-oss-process=image/resize,m_fixed,h_1,w_1,limit_0/resize,m_fixed,h_630,w_1200,limit_0/watermark,image_c29uZ19jb3ZlcnMvd2EvdGUvd2F0ZXJtZWxvbmtuaWZlX3dsLzZjblhGZ2hReXE3a3ZMeXpqWHRQNEYuanBnP3gtb3NzLXByb2Nlc3M9aW1hZ2UvcmVzaXplLG1fZml4ZWQsaF8zNDQsd18zNDQsbGltaXRfMA,g_nw,x_428,y_143/watermark,image_YXNzZXQvaW1hZ2VzL21ldGFpbWFnZS1zb25nLnBuZw,g_nw,x_0,y_0",images/874840.jpg,@watermelonknife_wl,音樂人,桃園市,2022-09-01,2024-10-08 14:19,3,89,1,,https://www.instagram.com/watermelonknife_wl/profilecard,https://youtube.com/@watermelonknife,2026台灣祭4/3、4/4、4/5墾丁登場！三日全陣容、演出時間表大公開！|||https://blow.streetvoice.com/86817/?utm_source=streetvoice&utm_medium=profile-news-block; 第10屆H.O.T.原創音樂大賽 總決賽10/21台北西門町登場！|||https://blow.streetvoice.com/70098/?utm_source=streetvoice&utm_medium=profile-news-block,,Rock,,,,,"人們的吹捧與奚落 一點點腐蝕著我 當金錢衡量著成就 當名聲使我們盲從 生命的空洞 忙碌的過活 拼盡了全力卻不再做夢 被環境嘲諷 被標籤作弄 倔強的背後只剩沈默 搭搭啦搭搭搭啦 搭搭啦搭搭搭啦 Can only sing feebly La la la la la Na na na na na 搭搭啦搭搭搭啦 搭搭啦搭搭搭啦 Just want to sing happily La la la la la Na na na na na 框架成人們的喜好 困在名為生活的牢 第幾次萌生的念想 卻再次對世界失望 生命的空洞 忙碌的過活 拼盡了全力卻不再做夢 被環境嘲諷 被標籤作弄 倔強的背後只剩沈默 搭搭啦搭搭搭啦 搭搭啦搭搭搭啦 Can only sing feebly La la la la la Na na na na na 搭搭啦搭搭搭啦 搭搭啦搭搭搭啦 Just want to sing happily La la la la la Na na na na na 搭搭啦搭搭搭啦 搭搭啦搭搭搭啦 Can only sing feebly La la la la la Na na na na na 搭搭啦搭搭搭啦 搭搭啦搭搭搭啦 Just want to sing happily La la la la la Na na na na na 告訴我 怎樣才算是灑脫 在他們的口中 迷失自我 I just want be free ￼ 生命的空洞 忙碌的過活 拼盡了全力卻不再做夢 被環境嘲諷 被標籤作弄 倔強的背後只剩沈默 搭搭啦搭搭搭啦 搭搭啦搭搭搭啦 Can only sing feebly La la la la la Na na na na na 搭搭啦搭搭搭啦 搭搭啦搭搭搭啦 Just want to sing happily La la la la la Na na na na na 
人們的吹捧與奚落 一點點腐蝕著我 當金錢衡量著成就 當名聲使我們盲從
生命的空洞 忙碌的過活 拼盡了全力卻不再做夢 被環境嘲諷 被標籤作弄 倔強的背後只剩沈默
搭搭啦搭搭搭啦 搭搭啦搭搭搭啦 Can only sing feebly La la la la la Na na na na na
搭搭啦搭搭搭啦 搭搭啦搭搭搭啦 Just want to sing happily La la la la la Na na na na na
框架成人們的喜好 困在名為生活的牢 第幾次萌生的念想 卻再次對世界失望
生命的空洞 忙碌的過活 拼盡了全力卻不再做夢 被環境嘲諷 被標籤作弄 倔強的背後只剩沈默
搭搭啦搭搭搭啦 搭搭啦搭搭搭啦 Can only sing feebly La la la la la Na na na na na
搭搭啦搭搭搭啦 搭搭啦搭搭搭啦 Just want to sing happily La la la la la Na na na na na
搭搭啦搭搭搭啦 搭搭啦搭搭搭啦 Can only sing feebly La la la la la Na na na na na
搭搭啦搭搭搭啦 搭搭啦搭搭搭啦 Just want to sing happily La la la la la Na na na na na
告訴我 怎樣才算是灑脫 在他們的口中 迷失自我 I just want be free
￼ 生命的空洞 忙碌的過活 拼盡了全力卻不再做夢 被環境嘲諷 被標籤作弄 倔強的背後只剩沈默
搭搭啦搭搭搭啦 搭搭啦搭搭搭啦 Can only sing feebly La la la la la Na na na na na
搭搭啦搭搭搭啦 搭搭啦搭搭搭啦 Just want to sing happily La la la la la Na na na na na
留言（ 0 ） 最相關留言 所有留言
留言（ 0 ）",2026-08-15,,,False,False,
2026-08-17 09:56:08,realtime,rock,,,32,About2061,Smoking Blues Anthology,0,1,1,https://streetvoice.com/about2061/songs/874351/,https://streetvoice.com/about2061/,"https://akstatic.streetvoice.com/song_covers/ab/ou/about2061/D5o8KqoyNwAx7LZboh9YPt.jpeg?x-oss-process=image/resize,m_fixed,h_1,w_1,limit_0/resize,m_fixed,h_630,w_1200,limit_0/watermark,image_c29uZ19jb3ZlcnMvYWIvb3UvYWJvdXQyMDYxL0Q1bzhLcW95TndBeDdMWmJvaDlZUHQuanBlZz94LW9zcy1wcm9jZXNzPWltYWdlL3Jlc2l6ZSxtX2ZpeGVkLGhfMzQ0LHdfMzQ0LGxpbWl0XzA,g_nw,x_428,y_143/watermark,image_YXNzZXQvaW1hZ2VzL21ldGFpbWFnZS1zb25nLnBuZw,g_nw,x_0,y_0",images/874351.jpeg,@about2061,音樂人,,,,4,1,1,,,https://www.youtube.com/user/StreetVoiceTV,,,Rock,,,,,"Smoking Blues Anthology 今天，就試著慢慢呼吸吧 至今讓人悲傷的次數 和曾經帶給人快樂的次數 根本不成正比　不成正比 怎麼也不成正比啊　唉—— 在還沒有相片的年代 人們想把某個人的模樣留下 於是畫下了一幅幅肖像 而那些畫裡 究竟寄宿著什麼？ 在還沒有電的年代 時間帶著怎樣的溫度 依偎在人們的肌膚旁？ 風與燈火 又曾對他們說些什麼？ 穿越時光　回到過去 啊，那一切一定都讓人如此眷戀 和生活在那個時代的人們一起 Talking　Talking 我才不要輕輕鬆鬆地死去 我要一直反抗下去　繼續跳舞 只有和你說話的那一瞬間 我總覺得自己好像成了一個更好的人 只有和你說話的那一瞬間 我總覺得自己好像正在做一件正確的事 我真的 有過那樣的感覺 
Smoking Blues Anthology 今天，就試著慢慢呼吸吧
至今讓人悲傷的次數 和曾經帶給人快樂的次數 根本不成正比　不成正比 怎麼也不成正比啊　唉——
在還沒有相片的年代 人們想把某個人的模樣留下 於是畫下了一幅幅肖像 而那些畫裡 究竟寄宿著什麼？
在還沒有電的年代 時間帶著怎樣的溫度 依偎在人們的肌膚旁？ 風與燈火 又曾對他們說些什麼？
穿越時光　回到過去 啊，那一切一定都讓人如此眷戀 和生活在那個時代的人們一起 Talking　Talking
我才不要輕輕鬆鬆地死去 我要一直反抗下去　繼續跳舞
只有和你說話的那一瞬間 我總覺得自己好像成了一個更好的人 只有和你說話的那一瞬間 我總覺得自己好像正在做一件正確的事 我真的 有過那樣的感覺
留言（ 1 ） 最相關留言 所有留言
留言（ 1 ）",2026-08-13,,,False,False,
2026-08-17 09:56:08,realtime,rock,,,33,ŤľĽŚįĄť¶¨Ść°ťĺć,Maggie (Instrumental),2,34,1,https://streetvoice.com/nuclearmacarontaiwan/songs/874391/,https://streetvoice.com/nuclearmacarontaiwan/,"https://akstatic.streetvoice.com/song_covers/nu/cl/nuclearmacarontaiwan/XK2knYz2NrrJqtEiNmNDPy.jpeg?x-oss-process=image/resize,m_fixed,h_1,w_1,limit_0/resize,m_fixed,h_630,w_1200,limit_0/watermark,image_c29uZ19jb3ZlcnMvbnUvY2wvbnVjbGVhcm1hY2Fyb250YWl3YW4vWEsya25ZejJOcnJKcXRFaU5tTkRQeS5qcGVnP3gtb3NzLXByb2Nlc3M9aW1hZ2UvcmVzaXplLG1fZml4ZWQsaF8zNDQsd18zNDQsbGltaXRfMA,g_nw,x_428,y_143/watermark,image_YXNzZXQvaW1hZ2VzL21ldGFpbWFnZS1zb25nLnBuZw,g_nw,x_0,y_0",images/874391.jpeg,,,,,,10,63,5,https://www.facebook.com/nuclearmacarontaiwan,https://www.instagram.com/nuclearmacarontaiwan,http://www.youtube.com/@NuclearMacaron,【StreetVoice新歌週報】張牧喬兩首新作受注目 邱比淨化新曲以十誡詩入詞|||https://blow.streetvoice.com/48694/?utm_source=streetvoice&utm_medium=profile-news-block,,Metal,,,,"「你活著的時候大家都不認識妳，進棺材人家才知道你是數據上的其中一個數字。」 即使再多的人愛你，永遠只會在乎自己有沒有自愛，無法放下那些過錯，最後選擇麻痺負面情緒離開了世界。也許這也不是什麼壞事，因為當親朋好友都為你的行為感到遺憾，只有那罐止痛藥陪你走到最後，無條件給予你幸福美滿的結局。 ⊹—————୨୧—————⊹ ➤ 音樂製作 Music Credit 作曲 Composer｜恩恆、陳代昂 編曲 Arranger｜輻射馬卡龍 混音工程師 Mixing Engineer ｜恩恆 電吉他 Electric Guitars｜恩恆 ➤ 影像製作 Music Video Credit 影片製作Video Production｜恩恆 封面設計Cover Design｜恩恆 ⊹—————୨୧—————⊹ 
「你活著的時候大家都不認識妳，進棺材人家才知道你是數據上的其中一個數字。」
即使再多的人愛你，永遠只會在乎自己有沒有自愛，無法放下那些過錯，最後選擇麻痺負面情緒離開了世界。也許這也不是什麼壞事，因為當親朋好友都為你的行為感到遺憾，只有那罐止痛藥陪你走到最後，無條件給予你幸福美滿的結局。 ⊹—————୨୧—————⊹ ➤ 音樂製作 Music Credit 作曲 Composer｜恩恆、陳代昂 編曲 Arranger｜輻射馬卡龍 混音工程師 Mixing Engineer ｜恩恆 電吉他 Electric Guitars｜恩恆 ➤ 影像製作 Music Video Credit 影片製作Video Production｜恩恆 封面設計Cover Design｜恩恆 ⊹—————୨୧—————⊹","這是沒有提供歌詞的歌曲
留言（ 1 ） 最相關留言 所有留言
留言（ 1 ）",2026-08-14,,,False,False,
2026-08-17 09:56:08,realtime,rock,,,34,yuu_from_tokishio,『終焉夏日行』,0,12,0,https://streetvoice.com/Nagi_1117/songs/875030/,https://streetvoice.com/Nagi_1117/,"https://akstatic.streetvoice.com/song_covers/Na/gi/Nagi_1117/kojrQJav3f6G7L3hwEtvCj.jpeg?x-oss-process=image/resize,m_fixed,h_1,w_1,limit_0/resize,m_fixed,h_630,w_1200,limit_0/watermark,image_c29uZ19jb3ZlcnMvTmEvZ2kvTmFnaV8xMTE3L2tvanJRSmF2M2Y2RzdMM2h3RXR2Q2ouanBlZz94LW9zcy1wcm9jZXNzPWltYWdlL3Jlc2l6ZSxtX2ZpeGVkLGhfMzQ0LHdfMzQ0LGxpbWl0XzA,g_nw,x_428,y_143/watermark,image_YXNzZXQvaW1hZ2VzL21ldGFpbWFnZS1zb25nLnBuZw,g_nw,x_0,y_0",images/875030.jpeg,@Nagi_1117,音樂人,新北市,2020-05-01,,9,6,3,,,https://www.youtube.com/user/StreetVoiceTV,,,Rock,,,,"作詞：yuu 作曲：yuu 編曲：yuu 錄製、混音：yuu -『 Story 』- 有人說生命的體驗是指數型的， 那大概在18歲的時候 就是人生的中點了。 一年的一半大概也是夏天吧？ 那當時高中懵懂的我們也在經歷人生的夏天。 這季節有太多東西可以說了： 初夏的畢業，伴隨著悶熱的天氣、 不知何時來何時走的午後雷陣雨、 到最後每天都閒的發慌的暑假。 這些好像一切都會在抱有遺憾的情況下結束； 會在不完美後終結，就像當時一樣。 當然這是相較於其他人的故事而言。 所以這首歌 獻給當初還留在原地的「你」 
作詞：yuu 作曲：yuu 編曲：yuu 錄製、混音：yuu
-『 Story 』- 有人說生命的體驗是指數型的， 那大概在18歲的時候 就是人生的中點了。
一年的一半大概也是夏天吧？ 那當時高中懵懂的我們也在經歷人生的夏天。
這季節有太多東西可以說了：
初夏的畢業，伴隨著悶熱的天氣、 不知何時來何時走的午後雷陣雨、 到最後每天都閒的發慌的暑假。
這些好像一切都會在抱有遺憾的情況下結束； 會在不完美後終結，就像當時一樣。
當然這是相較於其他人的故事而言。
所以這首歌
獻給當初還留在原地的「你」","夏天那潮濕悶熱的雨後氣味 彷彿在掩蓋你我的愚昧 曾以為 屏息到數後的那愉悅是終點 是當下的永遠 全都回到那一夜 支離破碎的情節 努力回想 也無法再完美重現 時而顫抖的指尖 再見黎明的前夜 禁止通行的昨天 奔馳在無人 那月光灑落的大街 全力嘶吼著 『它為何一再的重演』 我依然尚未 弄清奔跑了多遠 卻一遍又再一遍 手中的票卷 一半被你奪走撕毀 進站的音樂 在絕唱夏天的終結 再一天 能不能夠再一天 把故事全都獻給 唯一僅此的夜 <<吉他Solo>> 明天那 忽遠忽近的模糊定位 彷彿在吞噬 你我的關聯 曾以為 跨越後到達的終點 也不改變 故事說到哪一頁  反覆劇情再重演 『噓 別再多嘴』 讓我一步一步 把劇情破碎 虛實都幻滅 奔馳在夏日 那陽炎眩目的大街 全力嘶吼著 『它為何無法再續寫』 我依然尚未 有能力再去改變 親手去拼湊破碎 手中的票卷 已被我搶回 窗外的碧天 在倒數夏天的終結 再一遍 能不能夠再一遍 把故事全都重寫 唯一完美情節 也許我早已沒有力氣 再書寫 只屬於我生命一生一次的夏天 那一年 那一夜 懷抱遺憾的道別 那終焉的夏天 再會 
夏天那潮濕悶熱的雨後氣味 彷彿在掩蓋你我的愚昧
曾以為 屏息到數後的那愉悅是終點 是當下的永遠
全都回到那一夜 支離破碎的情節 努力回想 也無法再完美重現
時而顫抖的指尖 再見黎明的前夜 禁止通行的昨天
奔馳在無人 那月光灑落的大街 全力嘶吼著 『它為何一再的重演』
我依然尚未 弄清奔跑了多遠 卻一遍又再一遍
手中的票卷 一半被你奪走撕毀 進站的音樂 在絕唱夏天的終結
再一天 能不能夠再一天 把故事全都獻給 唯一僅此的夜
<<吉他Solo>>
明天那 忽遠忽近的模糊定位 彷彿在吞噬 你我的關聯
曾以為 跨越後到達的終點 也不改變
故事說到哪一頁  反覆劇情再重演
『噓 別再多嘴』
讓我一步一步 把劇情破碎 虛實都幻滅
奔馳在夏日 那陽炎眩目的大街 全力嘶吼著 『它為何無法再續寫』
我依然尚未 有能力再去改變 親手去拼湊破碎
手中的票卷 已被我搶回 窗外的碧天 在倒數夏天的終結
再一遍 能不能夠再一遍 把故事全都重寫 唯一完美情節
也許我早已沒有力氣 再書寫 只屬於我生命一生一次的夏天
那一年 那一夜 懷抱遺憾的道別
那終焉的夏天 再會
留言（ 0 ） 最相關留言 所有留言
留言（ 0 ）",2026-08-16,,,False,False,
2026-08-17 09:56:08,realtime,rock,,,35,acide_official,SAD.demo,1,18,0,https://streetvoice.com/acide_official/songs/874897/,https://streetvoice.com/acide_official/,"https://akstatic.streetvoice.com/song_covers/ac/id/acide_official/JyvgwTXb2NapJ6VJNyAjQQ.jpeg?x-oss-process=image/resize,m_fixed,h_1,w_1,limit_0/resize,m_fixed,h_630,w_1200,limit_0/watermark,image_c29uZ19jb3ZlcnMvYWMvaWQvYWNpZGVfb2ZmaWNpYWwvSnl2Z3dUWGIyTmFwSjZWSk55QWpRUS5qcGVnP3gtb3NzLXByb2Nlc3M9aW1hZ2UvcmVzaXplLG1fZml4ZWQsaF8zNDQsd18zNDQsbGltaXRfMA,g_nw,x_428,y_143/watermark,image_YXNzZXQvaW1hZ2VzL21ldGFpbWFnZS1zb25nLnBuZw,g_nw,x_0,y_0",images/874897.jpeg,@acide_official,音樂人,,,,2,2,1,,,https://www.youtube.com/user/StreetVoiceTV,,,Rock,,,,"【ＳＡＤ】 作曲 ：ACIDE 作詞：子黑 編曲：ACIDE 在這個網絡高度發展的年代 難免在網路上看到意中人 但 也只是看看而已 一樣還是陌生人 
【ＳＡＤ】 作曲 ：ACIDE 作詞：子黑 編曲：ACIDE
在這個網絡高度發展的年代 難免在網路上看到意中人 但 也只是看看而已 一樣還是陌生人","是誰又犯了錯 莫名的很執著 是我是我是我 在熟悉的房間 我突然睜開眼 哦  原來是夢 雖然我有 很多很多話想跟你說說 但妳似乎不認識我 時間還有很多 所以我能慢慢繼續做夢 快走吧你該醒了 快走吧你該醒了 雖然我有 很多話想對妳說 但妳根本就不認識我 時間還有很多 所以我能慢慢慢慢繼續做夢 說再見太遙遠 說再見到告別 
是誰又犯了錯 莫名的很執著 是我是我是我 在熟悉的房間 我突然睜開眼 哦  原來是夢
雖然我有 很多很多話想跟你說說 但妳似乎不認識我 時間還有很多 所以我能慢慢繼續做夢
快走吧你該醒了 快走吧你該醒了
雖然我有 很多話想對妳說 但妳根本就不認識我 時間還有很多 所以我能慢慢慢慢繼續做夢
說再見太遙遠 說再見到告別
留言（ 0 ） 最相關留言 所有留言
留言（ 0 ）",2026-08-15,,,False,False,
2026-08-17 09:56:08,realtime,rock,,,36,漂流木DriftWood,More than once,5,82,0,https://streetvoice.com/DriftWood/songs/871261/,https://streetvoice.com/DriftWood/,"https://akstatic.streetvoice.com/song_covers/Dr/if/DriftWood/bSZCMPNwg9uNoaF3FAXHDF.jpeg?x-oss-process=image/resize,m_fixed,h_1,w_1,limit_0/resize,m_fixed,h_630,w_1200,limit_0/watermark,image_c29uZ19jb3ZlcnMvRHIvaWYvRHJpZnRXb29kL2JTWkNNUE53Zzl1Tm9hRjNGQVhIREYuanBlZz94LW9zcy1wcm9jZXNzPWltYWdlL3Jlc2l6ZSxtX2ZpeGVkLGhfMzQ0LHdfMzQ0LGxpbWl0XzA,g_nw,x_428,y_143/watermark,image_YXNzZXQvaW1hZ2VzL21ldGFpbWFnZS1zb25nLnBuZw,g_nw,x_0,y_0",images/871261.jpeg,@DriftWood,音樂人,,,,7,26,,,,https://www.youtube.com/user/StreetVoiceTV,,,Rock,Loyal Misser,https://streetvoice.com/DriftWood/songs/album/97325767/,,"音樂製作 Music Credit : 製作人 producer | Jesko 作詞 Lyricist | 242 作曲 Composer | 242 編曲 Arranger | 漂流木DriftWood 人聲Vocal | 242 電吉他 Electric Guitar | Jesko 242 鍵盤  Keyboards | 242 貝斯 Bass | 張嘉樂 鼓 Drums | 高宇 和聲編寫 Backing Vocal Arranger | 242 人聲錄音室 Vocal Recording Studio | 頂樓RoofTop Studio 樂器錄音師 Instruments Recording Engineer | Jesko 樂器錄音室 Instruments Recording Studio | 頂樓RoofTop Studio 混音師 Mixing Engineer | Jesko 混音工作室 Mixing Studio | 頂樓RoofTop Studio 母帶後期工程師 Mastering Engineer | Jesko 母帶後期錄音室 Mastering Studio | 頂樓RoofTop Studio 
音樂製作 Music Credit : 製作人 producer | Jesko 作詞 Lyricist | 242 作曲 Composer | 242 編曲 Arranger | 漂流木DriftWood 人聲Vocal | 242 電吉他 Electric Guitar | Jesko 242 鍵盤  Keyboards | 242 貝斯 Bass | 張嘉樂 鼓 Drums | 高宇 和聲編寫 Backing Vocal Arranger | 242 人聲錄音室 Vocal Recording Studio | 頂樓RoofTop Studio 樂器錄音師 Instruments Recording Engineer | Jesko 樂器錄音室 Instruments Recording Studio | 頂樓RoofTop Studio 混音師 Mixing Engineer | Jesko 混音工作室 Mixing Studio | 頂樓RoofTop Studio 母帶後期工程師 Mastering Engineer | Jesko 母帶後期錄音室 Mastering Studio | 頂樓RoofTop Studio","Everyday I wake up I’m still alone Baby without your love Where do I belong I know some part of us Have been changed Let me tell you about it I loved and l stayed I will try my best to hide Try my best to take back my love Maybe in another life But baby I don’t want to hear you say That Oh baby please don’t say that you love me I’m afraid I will fall in love with you Again Oh baby please don’t say that you love me You will always be the one I can’t forget Even though I’ll still miss you everyday Baby I thought we have something special I thought we were different from other people Now I know we are both the same Living life in our own way How I wish I can went back that day I think I won‘t be the one who take care of you But I still wish you luck You will be the one who you ㄐeally want Honey Oh baby please don’t say that you love me I’m afraid I will fall in love with you Again Oh baby please don’t say that you love me You will always be the one I can’t forget Even though I’ll still miss you everyday And I think it’s time To say goodbye We had some good times But time changed everything Including you and me I still sleep on your side of the bed Like somehow you’re never left You said forever love But I guess good love dies young baby I know you will live better without me In some other world Or maybe in another life We will be together And let me love you Oh baby please don’t say that you love me I’m afraid I will fall in love with you Again Oh baby please don’t say that you love me You will always be the one I can’t forget Even though I’ll still miss you everyday 
Everyday I wake up I’m still alone Baby without your love Where do I belong I know some part of us Have been changed Let me tell you about it I loved and l stayed
I will try my best to hide Try my best to take back my love Maybe in another life But baby I don’t want to hear you say That
Oh baby please don’t say that you love me I’m afraid I will fall in love with you Again Oh baby please don’t say that you love me You will always be the one I can’t forget Even though I’ll still miss you everyday
Baby I thought we have something special I thought we were different from other people Now I know we are both the same Living life in our own way How I wish I can went back that day
I think I won‘t be the one who take care of you But I still wish you luck You will be the one who you ㄐeally want Honey
Oh baby please don’t say that you love me I’m afraid I will fall in love with you Again Oh baby please don’t say that you love me You will always be the one I can’t forget Even though I’ll still miss you everyday
And I think it’s time To say goodbye We had some good times But time changed everything Including you and me I still sleep on your side of the bed Like somehow you’re never left You said forever love
But I guess good love dies young
baby I know you will live better without me In some other world Or maybe in another life We will be together And let me love you
Oh baby please don’t say that you love me I’m afraid I will fall in love with you Again Oh baby please don’t say that you love me You will always be the one I can’t forget Even though I’ll still miss you everyday
留言（ 0 ） 最相關留言 所有留言
留言（ 0 ）",2026-08-10,,編輯推薦,True,False,
2026-08-17 09:56:08,realtime,rock,,,37,ŤĚłÁČõŤďčÁĎě,蝸牛蓋瑞 Gary the Snail - 「18歲之後」,11,1526,6,https://streetvoice.com/garythesnail/songs/871000/,https://streetvoice.com/garythesnail/,"https://akstatic.streetvoice.com/music_albums/ga/ry/garythesnail/L8JDD4ZcCUxBw2GDfL3Tko.jpeg?x-oss-process=image/resize,m_fixed,h_1,w_1,limit_0/resize,m_fixed,h_630,w_1200,limit_0/watermark,image_bXVzaWNfYWxidW1zL2dhL3J5L2dhcnl0aGVzbmFpbC9MOEpERDRaY0NVeEJ3MkdEZkwzVGtvLmpwZWc_eC1vc3MtcHJvY2Vzcz1pbWFnZS9yZXNpemUsbV9maXhlZCxoXzM0NCx3XzM0NCxsaW1pdF8w,g_nw,x_428,y_143/watermark,image_YXNzZXQvaW1hZ2VzL21ldGFpbWFnZS1zb25nLnBuZw,g_nw,x_0,y_0",images/871000.jpeg,,,,,,6,77,2,,https://www.instagram.com/garythesnail.pdf,https://www.youtube.com/@GarytheSnail-2023,,,Punk,斯文豪氏大蝸牛,https://streetvoice.com/garythesnail/songs/album/97325754/,,"詞曲：李齊 製作｜李齊 錄音｜李齊 混音｜李齊 鼓組錄音｜黃彥翔 鼓組錄音室｜玉成戲院錄音室 YuChen Cinema Studio 母帶後期處理｜李齊 蝸牛蓋瑞 Gary the Snail 主唱 / 吉他 ｜李齊 合聲 / 吉他 ｜劉柏 貝斯 ｜貓咪 鼓 ｜涂恒睿 專輯發行廠牌 ｜吃到肉羹實業社 JDBG records 
詞曲：李齊
製作｜李齊 錄音｜李齊 混音｜李齊 鼓組錄音｜黃彥翔 鼓組錄音室｜玉成戲院錄音室 YuChen Cinema Studio 母帶後期處理｜李齊
蝸牛蓋瑞 Gary the Snail 主唱 / 吉他 ｜李齊 合聲 / 吉他 ｜劉柏 貝斯 ｜貓咪 鼓 ｜涂恒睿
專輯發行廠牌 ｜吃到肉羹實業社 JDBG records","十八歲之後不常感到開心 但從那之後我時常想到你 遇見你的那一天 那個清晨有點美 一起聊天到天亮 傾吐自己有多不完美 人生的冬天還是存在 其實也不會因為你變得比較短 歐幹 明天還要上班 這次能不能不要再死得那麼慘 忍耐 忍耐 再忍耐 用更醜陋的姿態榨出來 歐~ 忍耐 忍耐 再忍耐 用更醜陋的姿態榨出來 窩喔~ 因為 我把過去交易了 換來的是虛假的快樂 因為 我把過去交易了 所有血跡都被鎖在抽屜了 我走了 我只留下一首歌 二十歲的時候 我才看清 原來我從來就不懂什麼是貼心 突然冒出的回憶 看著過去的身影 我想把這一切繼續藏在抽屜 
十八歲之後不常感到開心 但從那之後我時常想到你 遇見你的那一天 那個清晨有點美 一起聊天到天亮 傾吐自己有多不完美 人生的冬天還是存在 其實也不會因為你變得比較短 歐幹 明天還要上班 這次能不能不要再死得那麼慘 忍耐 忍耐 再忍耐 用更醜陋的姿態榨出來 歐~ 忍耐 忍耐 再忍耐 用更醜陋的姿態榨出來 窩喔~
因為 我把過去交易了 換來的是虛假的快樂 因為 我把過去交易了 所有血跡都被鎖在抽屜了 我走了 我只留下一首歌
二十歲的時候 我才看清 原來我從來就不懂什麼是貼心 突然冒出的回憶 看著過去的身影 我想把這一切繼續藏在抽屜
留言（ 6 ） 最相關留言 所有留言
留言（ 6 ）",2026-07-25,,Song of the Day; 編輯推薦,True,True,
2026-08-17 09:56:08,realtime,rock,,,38,a26515969,習慣了晚安,0,27,0,https://streetvoice.com/a26515969/songs/874548/,https://streetvoice.com/a26515969/,"https://akstatic.streetvoice.com/profile_images/a2/65/a26515969/JgVJ5rSr7s6RhMuSjcYKt4.jpeg?x-oss-process=image/resize,m_fixed,h_1,w_1,limit_0/resize,m_fixed,h_630,w_1200,limit_0/watermark,image_cHJvZmlsZV9pbWFnZXMvYTIvNjUvYTI2NTE1OTY5L0pnVko1clNyN3M2UmhNdVNqY1lLdDQuanBlZz94LW9zcy1wcm9jZXNzPWltYWdlL3Jlc2l6ZSxtX2ZpeGVkLGhfMzQ0LHdfMzQ0LGxpbWl0XzA,g_nw,x_428,y_143/watermark,image_YXNzZXQvaW1hZ2VzL21ldGFpbWFnZS1zb25nLnBuZw,g_nw,x_0,y_0",images/874548.jpeg,@a26515969,音樂人,台中市,2026-08-01,,1,,,,,https://www.youtube.com/user/StreetVoiceTV,,,Alternative,,,,,"動態歌詞
作詞/作曲：晉毅同學 編曲/後製：Taeyangg 我已經習慣 起床的早安 睡前對你說晚安 打開手機訊息欄 才想起我們已曲終人散 一切都歷歷在目 就像發生在昨晚 催眠自己那是夢 只是內心太不安 Baby 我想你了 但我不知道是不是因為習慣 Baby 我想你了 但我不知道是不是因為喜歡 Oh babe 你的影子怎麼還在身邊揮之不去 babe    難道只有我一個人還停在過去 我想你了 我想你了 我想有你在的每一刻 我想你了 我想你了 我哭著寫完了這首歌 
作詞/作曲：晉毅同學 編曲/後製：Taeyangg
我已經習慣 起床的早安 睡前對你說晚安 打開手機訊息欄 才想起我們已曲終人散 一切都歷歷在目 就像發生在昨晚 催眠自己那是夢 只是內心太不安 Baby 我想你了 但我不知道是不是因為習慣 Baby 我想你了 但我不知道是不是因為喜歡 Oh babe 你的影子怎麼還在身邊揮之不去 babe    難道只有我一個人還停在過去 我想你了 我想你了 我想有你在的每一刻 我想你了 我想你了 我哭著寫完了這首歌
留言（ 0 ） 最相關留言 所有留言
留言（ 0 ）",2026-08-14,,,False,False,
2026-08-17 09:56:08,realtime,rock,,,39,acide_official,If you ganna.demo,0,7,0,https://streetvoice.com/acide_official/songs/874895/,https://streetvoice.com/acide_official/,"https://akstatic.streetvoice.com/song_covers/ac/id/acide_official/ji8XauNZuemtKa23Dkj8fy.jpeg?x-oss-process=image/resize,m_fixed,h_1,w_1,limit_0/resize,m_fixed,h_630,w_1200,limit_0/watermark,image_c29uZ19jb3ZlcnMvYWMvaWQvYWNpZGVfb2ZmaWNpYWwvamk4WGF1Tlp1ZW10S2EyM0RrajhmeS5qcGVnP3gtb3NzLXByb2Nlc3M9aW1hZ2UvcmVzaXplLG1fZml4ZWQsaF8zNDQsd18zNDQsbGltaXRfMA,g_nw,x_428,y_143/watermark,image_YXNzZXQvaW1hZ2VzL21ldGFpbWFnZS1zb25nLnBuZw,g_nw,x_0,y_0",images/874895.jpeg,@acide_official,音樂人,,,,2,2,1,,,https://www.youtube.com/user/StreetVoiceTV,,,Rock,,,,"【 If you ganna】 作曲 ：ACIDE 作詞：子黑 編曲：ACIDE 有些人來了 留下些什麼後就走了 被留下的事刻印在別人身上 但他頭也不回 所以我在腦中殺了他好幾遍 
【 If you ganna】 作曲 ：ACIDE 作詞：子黑 編曲：ACIDE
有些人來了 留下些什麼後就走了 被留下的事刻印在別人身上 但他頭也不回 所以我在腦中殺了他好幾遍","Well I try to move on till raindrop falling down reminds you were gone You were gone Can't stop some memories burning in my head Since you betrayed me It hurts so badly If you gonna forget everything you done I will chop your head now And swallow it down If you gonna move on I will break your legs And bury underground Oh yes I will Well I try to move on till raindrop falling down reminds you were gone You were gone Can't stop some memories burning in my head Since you betrayed me It hurts so badly If you gonna forget everything you done I will chop your head now And swallow it down If you gonna move on I will break your legs And bury underground Oh yes I will Oh no baby Fall down You break my heart Oh baby Miss you now I miss you Burn out One more smoke Then I will put it down And say goodbye to my love Oh baby oh baby 
Well I try to move on till raindrop falling down reminds you were gone You were gone Can't stop some memories burning in my head Since you betrayed me It hurts so badly
If you gonna forget everything you done I will chop your head now And swallow it down If you gonna move on I will break your legs And bury underground Oh yes I will
Well I try to move on till raindrop falling down reminds you were gone You were gone Can't stop some memories burning in my head Since you betrayed me It hurts so badly
If you gonna forget everything you done I will chop your head now And swallow it down If you gonna move on I will break your legs And bury underground Oh yes I will
Oh no baby
Fall down You break my heart Oh baby Miss you now I miss you Burn out One more smoke Then I will put it down And say goodbye to my love Oh baby oh baby
留言（ 0 ） 最相關留言 所有留言
留言（ 0 ）",2026-08-15,,,False,False,
2026-08-17 09:56:08,realtime,rock,,,40,私藏,明天demo,3,18,2,https://streetvoice.com/slasuperstar0830/songs/874055/,https://streetvoice.com/slasuperstar0830/,"https://akstatic.streetvoice.com/song_covers/sl/as/slasuperstar0830/g3gDkt9sqsxX7PYgYjoDbU.jpeg?x-oss-process=image/resize,m_fixed,h_1,w_1,limit_0/resize,m_fixed,h_630,w_1200,limit_0/watermark,image_c29uZ19jb3ZlcnMvc2wvYXMvc2xhc3VwZXJzdGFyMDgzMC9nM2dEa3Q5c3FzeFg3UFlnWWpvRGJVLmpwZWc_eC1vc3MtcHJvY2Vzcz1pbWFnZS9yZXNpemUsbV9maXhlZCxoXzM0NCx3XzM0NCxsaW1pdF8w,g_nw,x_428,y_143/watermark,image_YXNzZXQvaW1hZ2VzL21ldGFpbWFnZS1zb25nLnBuZw,g_nw,x_0,y_0",images/874055.jpeg,@slasuperstar0830,音樂人,台中市,2020-11-01,,7,2,2,,,https://www.youtube.com/user/StreetVoiceTV,獨立音樂人私藏畢業照大公開|||https://blow.streetvoice.com/34419/?utm_source=streetvoice&utm_medium=profile-news-block; Tizzy Bac二度挑戰ACOUSTIC編制巡演 宣告《我想你會變成這樣都是我害的》20週年大企劃|||https://blow.streetvoice.com/87737/?utm_source=streetvoice&utm_medium=profile-news-block; EmptyORio釋出新專輯《ALL THE BEST》 展開成軍8週年巡迴|||https://blow.streetvoice.com/86579/?utm_source=streetvoice&utm_medium=profile-news-block,,Rock,,,,,"拖著疲憊的身體 回到沒開燈的家裡 戴上耳機隔絕聯繫 歌裡訴說今天的委屈 手中的菸 一半變成菸圈 就這樣帶走 今天的傷痛 今天就讓他留在過去 期待明天的太陽升起 也許沒有太多的改變 至少放過今天的自己 今天就讓他留在過去 期待明天的太陽升起 也許沒有太多的改變 至少放過今天的自己 手中的菸 一半變成菸圈 就這樣帶走 今天的傷痛 今天就讓他留在過去 期待明天的太陽升起 也許沒有太多的改變 至少放過今天的自己 每分 每秒 不會為誰停留 開心 難過 只想為自己而活 今天就讓他留在過去 期待明天的太陽升起 也許沒有太多的改變 至少放過今天的自己 
拖著疲憊的身體 回到沒開燈的家裡 戴上耳機隔絕聯繫 歌裡訴說今天的委屈
手中的菸 一半變成菸圈 就這樣帶走 今天的傷痛
今天就讓他留在過去 期待明天的太陽升起 也許沒有太多的改變 至少放過今天的自己
今天就讓他留在過去 期待明天的太陽升起 也許沒有太多的改變 至少放過今天的自己
手中的菸 一半變成菸圈 就這樣帶走 今天的傷痛
今天就讓他留在過去 期待明天的太陽升起 也許沒有太多的改變 至少放過今天的自己
每分 每秒 不會為誰停留 開心 難過 只想為自己而活
今天就讓他留在過去 期待明天的太陽升起 也許沒有太多的改變 至少放過今天的自己
留言（ 2 ） 最相關留言 所有留言
留言（ 2 ）",2026-08-11,,AI 協作 Rock,False,False,
2026-08-17 09:56:08,realtime,rock,,,41,凌晨出走,憂憂 demo,8,213,2,https://streetvoice.com/dawn_drift_tw/songs/874051/,https://streetvoice.com/dawn_drift_tw/,"https://akstatic.streetvoice.com/song_covers/da/wn/dawn_drift_tw/ADPYiPT5bgDcB6kAaG79A4.jpg?x-oss-process=image/resize,m_fixed,h_1,w_1,limit_0/resize,m_fixed,h_630,w_1200,limit_0/watermark,image_c29uZ19jb3ZlcnMvZGEvd24vZGF3bl9kcmlmdF90dy9BRFBZaVBUNWJnRGNCNmtBYUc3OUE0LmpwZz94LW9zcy1wcm9jZXNzPWltYWdlL3Jlc2l6ZSxtX2ZpeGVkLGhfMzQ0LHdfMzQ0LGxpbWl0XzA,g_nw,x_428,y_143/watermark,image_YXNzZXQvaW1hZ2VzL21ldGFpbWFnZS1zb25nLnBuZw,g_nw,x_0,y_0",images/874051.jpg,@dawn_drift_tw,音樂人,台北市,2025-11-01,2025-11-17 10:40,4,137,11,,https://www.instagram.com/dawn.drift.tw,https://youtube.com/channel/UCoxVX-XvDltIa_rBgyDn8yQ,,,Rock,,,,,"我想要當一個沒有憂慮的人 能感覺到自己的體溫 我想要在任何時候都能唱歌 捍衛我自己的靈魂 傳達我的歌聲 嘿 我在看著你 請聽我說 嘿 如果你感受 請和我 我想要當海洋裡面的貝殼 能夠看清楚所有的人 
我想要當一個沒有憂慮的人 能感覺到自己的體溫 我想要在任何時候都能唱歌 捍衛我自己的靈魂 傳達我的歌聲
嘿 我在看著你 請聽我說 嘿 如果你感受 請和我
我想要當海洋裡面的貝殼 能夠看清楚所有的人
留言（ 2 ） 最相關留言 所有留言
留言（ 2 ）",2026-08-11,,,False,False,
2026-08-17 09:56:08,realtime,rock,,,42,台北不如勤美,唯ㄧ,8,404,0,https://streetvoice.com/qinmeibetterthantaipei/songs/872908/,https://streetvoice.com/qinmeibetterthantaipei/,"https://akstatic.streetvoice.com/song_covers/qi/nm/qinmeibetterthantaipei/j7uairFY473Q7MZaTgJxTC.jpg?x-oss-process=image/resize,m_fixed,h_1,w_1,limit_0/resize,m_fixed,h_630,w_1200,limit_0/watermark,image_c29uZ19jb3ZlcnMvcWkvbm0vcWlubWVpYmV0dGVydGhhbnRhaXBlaS9qN3VhaXJGWTQ3M1E3TVphVGdKeFRDLmpwZz94LW9zcy1wcm9jZXNzPWltYWdlL3Jlc2l6ZSxtX2ZpeGVkLGhfMzQ0LHdfMzQ0LGxpbWl0XzA,g_nw,x_428,y_143/watermark,image_YXNzZXQvaW1hZ2VzL21ldGFpbWFnZS1zb25nLnBuZw,g_nw,x_0,y_0",images/872908.jpg,@qinmeibetterthantaipei,音樂人,,,2024-12-25 17:12,1,195,1,,https://www.instagram.com/qinmeibetterthantaipei/profilecard/,https://www.youtube.com/user/StreetVoiceTV,,,Rock,生的錯覺,https://streetvoice.com/qinmeibetterthantaipei/songs/album/97324249/,,"【章節零六：海岸線上的狂熱星空】 現實是個平淡無奇的惡作劇。那就讓我們一起瘋掉吧。 在潮水湧上來的海岸線，希望像碎鑽一樣砸在我們頭上。 在此刻，讓我們成為，這虛無宇宙裡唯一的兩顆彗星。 告訴我你的咆哮與幻想，哪怕這是一場圍城的決戰， 但我始終相信，這將成為我們的：「唯一」 
【章節零六：海岸線上的狂熱星空】
現實是個平淡無奇的惡作劇。那就讓我們一起瘋掉吧。
在潮水湧上來的海岸線，希望像碎鑽一樣砸在我們頭上。
在此刻，讓我們成為，這虛無宇宙裡唯一的兩顆彗星。
告訴我你的咆哮與幻想，哪怕這是一場圍城的決戰，
但我始終相信，這將成為我們的：「唯一」","常覺得 平平無奇 找不到 那份回憶 去做吧 別作罷 哪怕瘋了 瘋啦 告訴我你可以 讓這成為唯一 告訴你想要 讓這變成唯一 告訴我 你的夢想 你的幻想 你的想像 我想見 你的驕傲 你的微笑 甚至咆哮 你還害怕嗎 你還憧憬嗎 別再恐懼啦 至少我懂你啊 走去盡頭吧 走向唯一啊 哪怕往不出 記得這秘密吧 走下去 我還在 任性吧 被別掩埋 別後悔 只是現在 你是你 幹嘛見外 告訴我 你的夢想 告訴我 你的想像 告訴我 你的所有 成為唯一 無論多久 你還害怕嗎 你還憧憬嗎 別再恐懼啦 至少我懂你啊 走去盡頭吧 走向唯一啊 哪怕往不出 記得這秘密吧 走下去 我還在 任性吧 被別掩埋 別後悔 只是現在 你是你 幹嘛見外 
常覺得 平平無奇 找不到 那份回憶
去做吧 別作罷 哪怕瘋了 瘋啦
告訴我你可以 讓這成為唯一 告訴你想要 讓這變成唯一
告訴我 你的夢想 你的幻想 你的想像 我想見 你的驕傲 你的微笑 甚至咆哮
你還害怕嗎 你還憧憬嗎 別再恐懼啦 至少我懂你啊 走去盡頭吧 走向唯一啊 哪怕往不出 記得這秘密吧
走下去 我還在 任性吧 被別掩埋 別後悔 只是現在 你是你 幹嘛見外
告訴我 你的夢想 告訴我 你的想像 告訴我 你的所有 成為唯一 無論多久
你還害怕嗎 你還憧憬嗎 別再恐懼啦 至少我懂你啊 走去盡頭吧 走向唯一啊 哪怕往不出 記得這秘密吧
走下去 我還在 任性吧 被別掩埋 別後悔 只是現在 你是你 幹嘛見外
留言（ 0 ） 最相關留言 所有留言
留言（ 0 ）",2026-08-05,,編輯推薦,True,False,
2026-08-17 09:56:08,realtime,rock,,,43,感覺流派FeelingLoop,餘燼  | Embers,1,7,0,https://streetvoice.com/feelingloop/songs/874383/,https://streetvoice.com/feelingloop/,"https://akstatic.streetvoice.com/song_covers/fe/el/feelingloop/cAUvvbvMukarSZ6hpoY79f.jpeg?x-oss-process=image/resize,m_fixed,h_1,w_1,limit_0/resize,m_fixed,h_630,w_1200,limit_0/watermark,image_c29uZ19jb3ZlcnMvZmUvZWwvZmVlbGluZ2xvb3AvY0FVdnZidk11a2FyU1o2aHBvWTc5Zi5qcGVnP3gtb3NzLXByb2Nlc3M9aW1hZ2UvcmVzaXplLG1fZml4ZWQsaF8zNDQsd18zNDQsbGltaXRfMA,g_nw,x_428,y_143/watermark,image_YXNzZXQvaW1hZ2VzL21ldGFpbWFnZS1zb25nLnBuZw,g_nw,x_0,y_0",images/874383.jpeg,@feelingloop,音樂人,,,2025-03-25 14:30,3,129,5,https://www.facebook.com/feelingloop.band,https://www.instagram.com/feelingloop.band/,https://www.youtube.com/@%E6%84%9F%E8%A6%BA%E6%B5%81%E6%B4%BEFeelingLoop,,,Rock,,,,"在動盪關係中揮之不去的情感， 始於默默忍耐， 在表面下醞釀到突如其來的怨恨爆發成衝突， 最終經過反思， 揮之不去的熱情顯露出底線， 在無奈的循環下結束。 如同悶燒的餘燼， 即使火焰熄滅， 情感仍殘留， 既帶著溫暖， 也帶著昔日烈火的痕跡。 
在動盪關係中揮之不去的情感， 始於默默忍耐， 在表面下醞釀到突如其來的怨恨爆發成衝突， 最終經過反思， 揮之不去的熱情顯露出底線， 在無奈的循環下結束。
如同悶燒的餘燼， 即使火焰熄滅， 情感仍殘留， 既帶著溫暖， 也帶著昔日烈火的痕跡。","這是沒有提供歌詞的歌曲
留言（ 0 ） 最相關留言 所有留言
留言（ 0 ）",2026-08-13,,,False,False,
2026-08-17 09:56:08,realtime,rock,,,44,You Have My Word！！！,If I Could Shield,0,53,0,https://streetvoice.com/YouHaveMyWord/songs/873194/,https://streetvoice.com/YouHaveMyWord/,"https://akstatic.streetvoice.com/music_albums/Yo/uH/YouHaveMyWord/dz5kPUtJotBbutRkpVvytP.jpeg?x-oss-process=image/resize,m_fixed,h_1,w_1,limit_0/resize,m_fixed,h_630,w_1200,limit_0/watermark,image_bXVzaWNfYWxidW1zL1lvL3VIL1lvdUhhdmVNeVdvcmQvZHo1a1BVdEpvdEJidXRSa3BWdnl0UC5qcGVnP3gtb3NzLXByb2Nlc3M9aW1hZ2UvcmVzaXplLG1fZml4ZWQsaF8zNDQsd18zNDQsbGltaXRfMA,g_nw,x_428,y_143/watermark,image_YXNzZXQvaW1hZ2VzL21ldGFpbWFnZS1zb25nLnBuZw,g_nw,x_0,y_0",images/873194.jpeg,@YouHaveMyWord,音樂人,,,,3,4,1,,,https://www.youtube.com/user/StreetVoiceTV,,,Punk,Rochambeau,https://streetvoice.com/YouHaveMyWord/songs/album/97325849/,,,"Day in day out doing the same thing No one else make a difference All so-called normally could kill me All the dreams out of colors Everything fall into ruins Dreaming of change this maybe It hard to find out It hard to get on I can't find trace Where you belong It hard to find out It hard to get on How to face it This the answer I saw I will never let you kill my joy I will never let you kill my vibe You can never steal the light from me I will let you throw in that towel Which's deeping deeping in my heart Full of will I will never given up Although I been down and out for long I will never just hang around! 
Day in day out doing the same thing No one else make a difference All so-called normally could kill me All the dreams out of colors Everything fall into ruins Dreaming of change this maybe
It hard to find out It hard to get on I can't find trace Where you belong It hard to find out It hard to get on How to face it This the answer I saw
I will never let you kill my joy I will never let you kill my vibe You can never steal the light from me I will let you throw in that towel Which's deeping deeping in my heart Full of will I will never given up Although I been down and out for long I will never just hang around!
留言（ 0 ） 最相關留言 所有留言
留言（ 0 ）",2026-08-06,,編輯推薦,True,False,
2026-08-17 09:56:08,realtime,rock,,,45,You Have My Word！！！,Breaker,0,17,0,https://streetvoice.com/YouHaveMyWord/songs/873195/,https://streetvoice.com/YouHaveMyWord/,"https://akstatic.streetvoice.com/music_albums/Yo/uH/YouHaveMyWord/dz5kPUtJotBbutRkpVvytP.jpeg?x-oss-process=image/resize,m_fixed,h_1,w_1,limit_0/resize,m_fixed,h_630,w_1200,limit_0/watermark,image_bXVzaWNfYWxidW1zL1lvL3VIL1lvdUhhdmVNeVdvcmQvZHo1a1BVdEpvdEJidXRSa3BWdnl0UC5qcGVnP3gtb3NzLXByb2Nlc3M9aW1hZ2UvcmVzaXplLG1fZml4ZWQsaF8zNDQsd18zNDQsbGltaXRfMA,g_nw,x_428,y_143/watermark,image_YXNzZXQvaW1hZ2VzL21ldGFpbWFnZS1zb25nLnBuZw,g_nw,x_0,y_0",images/873195.jpeg,@YouHaveMyWord,音樂人,,,,3,4,1,,,https://www.youtube.com/user/StreetVoiceTV,,,Punk,Rochambeau,https://streetvoice.com/YouHaveMyWord/songs/album/97325849/,,,"So all the lies must be breaking, our own truth we must be making All the fake dreams will be shaking, stolen power we’re retaking. Never was I truly believing， You tell me something I should be realizing. Unfair world, I'm always grievin， Maybe only I am saving. Sometimes I’m feeling inside this fucking world， Sometimes I’m feeling behind the lies concealed， Sometimes I'm feeling confined in other's mind， Sometimes I even can't find，who am I？ All i want to know，though I'm trying, it all ends up for fucking plain nothing so i want to know，oh i want to know: Who's you gonna be？ All I want to know, if I do nothing, will you look down on me？ so i want to know，oh i want to know: Who's i gonna be！ so how？ so how？ so why？ so why？ so how？ so how？ so why？ so... Tons of troubles roll crashing down for me， Cruel ugly sneers rush and fall for me， I even don't know how you feel for me， Only your voice says just to do, oh god！ （I don't wanna just be a loser.） I don't wanna just be a loser. i'm not afraid to be the stranger. If you also take me as a shirker Maybe today I'll be the challenger. （so how so why so how so why so how so why so how so why） so how so why so how so why so try so cry so try so cry If i know you are lying, I would rather break and die! Terrible to finsh, so hard to vanish. Swallow my anguish, light all my wishes. just don't wanna turn out sad, Maybe all things aren’t that bad! all the lies must be breaking, our own truth we must be making All the fake dreams will be shaking, stolen power we’re retaking. Never was I truly believing， You tell me something I should be realizing. Unfair world, I'm always grievin， I am the one fiercely breaking! 
So all the lies must be breaking, our own truth we must be making All the fake dreams will be shaking, stolen power we’re retaking. Never was I truly believing， You tell me something I should be realizing. Unfair world, I'm always grievin， Maybe only I am saving. Sometimes I’m feeling inside this fucking world， Sometimes I’m feeling behind the lies concealed， Sometimes I'm feeling confined in other's mind， Sometimes I even can't find，who am I？ All i want to know，though I'm trying, it all ends up for fucking plain nothing so i want to know，oh i want to know: Who's you gonna be？ All I want to know, if I do nothing, will you look down on me？ so i want to know，oh i want to know: Who's i gonna be！ so how？ so how？ so why？ so why？ so how？ so how？ so why？ so... Tons of troubles roll crashing down for me， Cruel ugly sneers rush and fall for me， I even don't know how you feel for me， Only your voice says just to do, oh god！ （I don't wanna just be a loser.） I don't wanna just be a loser. i'm not afraid to be the stranger. If you also take me as a shirker Maybe today I'll be the challenger. （so how so why so how so why so how so why so how so why） so how so why so how so why so try so cry so try so cry If i know you are lying, I would rather break and die! Terrible to finsh, so hard to vanish. Swallow my anguish, light all my wishes. just don't wanna turn out sad, Maybe all things aren’t that bad! all the lies must be breaking, our own truth we must be making All the fake dreams will be shaking, stolen power we’re retaking. Never was I truly believing， You tell me something I should be realizing. Unfair world, I'm always grievin， I am the one fiercely breaking!
留言（ 0 ） 最相關留言 所有留言
留言（ 0 ）",2026-08-06,,編輯推薦,True,False,
2026-08-17 09:56:08,realtime,rock,,,46,乙水 yeewater,Winter,2,33,0,https://streetvoice.com/yeewater1234/songs/872648/,https://streetvoice.com/yeewater1234/,"https://akstatic.streetvoice.com/song_covers/ye/ew/yeewater1234/K3F42SrWk7bXFuDxYfkVxG.jpeg?x-oss-process=image/resize,m_fixed,h_1,w_1,limit_0/resize,m_fixed,h_630,w_1200,limit_0/watermark,image_c29uZ19jb3ZlcnMveWUvZXcveWVld2F0ZXIxMjM0L0szRjQyU3JXazdiWEZ1RHhZZmtWeEcuanBlZz94LW9zcy1wcm9jZXNzPWltYWdlL3Jlc2l6ZSxtX2ZpeGVkLGhfMzQ0LHdfMzQ0LGxpbWl0XzA,g_nw,x_428,y_143/watermark,image_YXNzZXQvaW1hZ2VzL21ldGFpbWFnZS1zb25nLnBuZw,g_nw,x_0,y_0",images/872648.jpeg,@yeewater1234,音樂人,高雄市,2020-10-01,2022-08-16 16:35,11,121,16,,,https://www.youtube.com/user/StreetVoiceTV,,,Metal,MINUS,https://streetvoice.com/yeewater1234/songs/album/97325830/,,"Winter Lyrics Why this circles were never break And the coming end for sure Please tell me why the world so cold Released fire within Frosted way Pain will find the way to heal up Don’t let me drown in river l’ll never find the way out Believing winter be gone Want to leave and forget everything The heaven will be come Don't let the frozen creep again Keep the faith into your heart Why this circles were never break And the coming end for sure Please tell me why the world so cold Released fire within Frosted way This is a world we’re be inside Let the truth be out for yours This is a war we’re be inside Don’t killing me again This is a world we’re be inside Let the truth be out for Want to leave and forget everything The heaven will be come Don't let the frozen creep again Keep the faith into your heart This is a world we’re be inside Let the truth be out for yours This is a war we’re be inside Don’t killing me again 
Winter Lyrics
Why this circles were never break And the coming end for sure Please tell me why the world so cold Released fire within Frosted way
Pain will find the way to heal up Don’t let me drown in river l’ll never find the way out Believing winter be gone
Want to leave and forget everything The heaven will be come Don't let the frozen creep again Keep the faith into your heart
Why this circles were never break And the coming end for sure Please tell me why the world so cold Released fire within Frosted way
This is a world we’re be inside Let the truth be out for yours This is a war we’re be inside Don’t killing me again This is a world we’re be inside Let the truth be out for
Want to leave and forget everything The heaven will be come Don't let the frozen creep again Keep the faith into your heart
This is a world we’re be inside Let the truth be out for yours This is a war we’re be inside Don’t killing me again","這是沒有提供歌詞的歌曲
留言（ 0 ） 最相關留言 所有留言
留言（ 0 ）",2026-08-06,,編輯推薦,True,False,
2026-08-17 09:56:08,realtime,rock,,,47,ŤĚłÁČõŤďčÁĎě,蝸牛蓋瑞 Gary the Snail - 「豬朋狗友」,2,91,0,https://streetvoice.com/garythesnail/songs/870993/,https://streetvoice.com/garythesnail/,"https://akstatic.streetvoice.com/music_albums/ga/ry/garythesnail/L8JDD4ZcCUxBw2GDfL3Tko.jpeg?x-oss-process=image/resize,m_fixed,h_1,w_1,limit_0/resize,m_fixed,h_630,w_1200,limit_0/watermark,image_bXVzaWNfYWxidW1zL2dhL3J5L2dhcnl0aGVzbmFpbC9MOEpERDRaY0NVeEJ3MkdEZkwzVGtvLmpwZWc_eC1vc3MtcHJvY2Vzcz1pbWFnZS9yZXNpemUsbV9maXhlZCxoXzM0NCx3XzM0NCxsaW1pdF8w,g_nw,x_428,y_143/watermark,image_YXNzZXQvaW1hZ2VzL21ldGFpbWFnZS1zb25nLnBuZw,g_nw,x_0,y_0",images/870993.jpeg,,,,,,6,77,2,,https://www.instagram.com/garythesnail.pdf,https://www.youtube.com/@GarytheSnail-2023,,,Punk,斯文豪氏大蝸牛,https://streetvoice.com/garythesnail/songs/album/97325754/,,"詞：劉柏 曲：李齊 製作｜李齊 錄音｜李齊 混音｜李齊 鼓組錄音｜黃彥翔 鼓組錄音室｜玉成戲院錄音室 YuChen Cinema Studio 母帶後期處理｜李齊 蝸牛蓋瑞 Gary the Snail 主唱 / 吉他｜劉柏 合聲 / 吉他 ｜李齊 合聲 / 貝斯 ｜貓咪 鼓 ｜涂恒睿 專輯發行廠牌 ｜吃到肉羹實業社 JDBG records 
詞：劉柏 曲：李齊
製作｜李齊 錄音｜李齊 混音｜李齊 鼓組錄音｜黃彥翔 鼓組錄音室｜玉成戲院錄音室 YuChen Cinema Studio 母帶後期處理｜李齊
蝸牛蓋瑞 Gary the Snail 主唱 / 吉他｜劉柏 合聲 / 吉他 ｜李齊 合聲 / 貝斯 ｜貓咪 鼓 ｜涂恒睿
專輯發行廠牌 ｜吃到肉羹實業社 JDBG records","閉上眼睛感受心跳作動 屏著呼吸踮起腳尖不敢探頭 鬼影開始蠢蠢作動 搖頭晃腦擺脫蟄伏死盯著我 對上眼後轉頭就走 穿著西裝的怪物正要跑來追我 內心黑洞 請別來找我 牠們伸出那觸手將我緊纏脈搏 腳步沉重 卻總逃不走 那些自私的怪物根本豬朋狗友 內 心 黑 洞 別 來 找 我 伸 出 觸 手 緊 纏 脈 搏 腳 步 沉 重 總 逃 不 走 那 隻 怪 獸 就在床頭 內心黑洞 請別來找我 牠們伸出那觸手將我緊纏脈搏 腳步沉重 卻總逃不走 那些自私的怪物根本豬朋狗友 掙脫枷鎖 要開始失控 動起身子蹣跚腳步要走向我 天方夜譚 說要保護我 那些自私的怪物根本豬朋狗友 
閉上眼睛感受心跳作動 屏著呼吸踮起腳尖不敢探頭 鬼影開始蠢蠢作動 搖頭晃腦擺脫蟄伏死盯著我 對上眼後轉頭就走 穿著西裝的怪物正要跑來追我
內心黑洞 請別來找我 牠們伸出那觸手將我緊纏脈搏 腳步沉重 卻總逃不走 那些自私的怪物根本豬朋狗友
內 心 黑 洞 別 來 找 我 伸 出 觸 手 緊 纏 脈 搏 腳 步 沉 重 總 逃 不 走 那 隻 怪 獸 就在床頭
內心黑洞 請別來找我 牠們伸出那觸手將我緊纏脈搏 腳步沉重 卻總逃不走 那些自私的怪物根本豬朋狗友
掙脫枷鎖 要開始失控 動起身子蹣跚腳步要走向我 天方夜譚 說要保護我 那些自私的怪物根本豬朋狗友
留言（ 0 ） 最相關留言 所有留言
留言（ 0 ）",2026-07-25,,達人推薦; 編輯推薦,True,False,https://streetvoice.com/garythesnail/songs/870993/critic_reviews/
2026-08-17 09:56:08,realtime,rock,,,48,闲置村民IdlE,麥擱作夥,1,70,0,https://streetvoice.com/Idleband0628/songs/873002/,https://streetvoice.com/Idleband0628/,"https://akstatic.streetvoice.com/song_covers/Id/le/Idleband0628/NT4oUDm7Mrvnx4czNRbXU9.jpg?x-oss-process=image/resize,m_fixed,h_1,w_1,limit_0/resize,m_fixed,h_630,w_1200,limit_0/watermark,image_c29uZ19jb3ZlcnMvSWQvbGUvSWRsZWJhbmQwNjI4L05UNG9VRG03TXJ2bng0Y3pOUmJYVTkuanBnP3gtb3NzLXByb2Nlc3M9aW1hZ2UvcmVzaXplLG1fZml4ZWQsaF8zNDQsd18zNDQsbGltaXRfMA,g_nw,x_428,y_143/watermark,image_YXNzZXQvaW1hZ2VzL21ldGFpbWFnZS1zb25nLnBuZw,g_nw,x_0,y_0",images/873002.jpg,@Idleband0628,音樂人,,,,5,,,,,https://www.youtube.com/user/StreetVoiceTV,,,Rock,,,,"〈麦搁作伙〉是一首以台语书写情感断裂与自我重生的作品。歌曲从夜色、风声、星月等意象出发，描绘一段已经无法挽回的关系，情绪在思念、懊悔与孤独之间反覆摆荡，呈现出失去后最真实的心境。 歌词前段聚焦在「想找却找不到」的空虚感，藉由暗暝、月影与酒意，表现主角试图逃避却无法释怀的状态；中段开始，情绪逐渐转向内省，承认过去的放荡与迷惘，并在薄雾散去、日光透出的画面中，象征自我意志的苏醒。 副歌反覆唱出「欲大声叫，挽回你来」，却同时宣告「破碎的梦，我袂搁追回」，形成强烈的矛盾对比，凸显放手并非不痛，而是不得不前行的选择。最终，歌曲以「嘎你某缘，放手呼你去」作结，坦然接受结局，将悲伤转化为重新出发的力量。 在旋律与情绪上，〈麦搁作伙〉适合中慢板编曲，让台语歌词的韵味与情感层层堆叠，唱出一段从失恋到清醒、从执着到放下的成长历程。 
〈麦搁作伙〉是一首以台语书写情感断裂与自我重生的作品。歌曲从夜色、风声、星月等意象出发，描绘一段已经无法挽回的关系，情绪在思念、懊悔与孤独之间反覆摆荡，呈现出失去后最真实的心境。
歌词前段聚焦在「想找却找不到」的空虚感，藉由暗暝、月影与酒意，表现主角试图逃避却无法释怀的状态；中段开始，情绪逐渐转向内省，承认过去的放荡与迷惘，并在薄雾散去、日光透出的画面中，象征自我意志的苏醒。
副歌反覆唱出「欲大声叫，挽回你来」，却同时宣告「破碎的梦，我袂搁追回」，形成强烈的矛盾对比，凸显放手并非不痛，而是不得不前行的选择。最终，歌曲以「嘎你某缘，放手呼你去」作结，坦然接受结局，将悲伤转化为重新出发的力量。
在旋律与情绪上，〈麦搁作伙〉适合中慢板编曲，让台语歌词的韵味与情感层层堆叠，唱出一段从失恋到清醒、从执着到放下的成长历程。","暗暝风吹　吹着心内悲 越头欲找　煞找袂着你 夜星闪烁　照阮孤单行 望想着你　呼阮　心疼痛 朦胧月影　照出心内话 讲袂出来　拢藏伫心底 放荡生活　已经是过去 想欲抱你　煞来　啥无影 欲大声叫　挽回你来 破碎的梦　我袂搁追回 督着难关　一步一步行 酒那落喉　压杂    拢散开 薄雾罩来　风吹就消去 树影摇曳　日光透空虚 火光的目　显示阮意志 过去迷茫　渐渐    拢清醒 受伤的心　拢藏伫心底 已成过去　重新振作起 未来的梦　一出一出显示 嘎你某缘　放手呼去啦 欲大声叫　挽回你来 破碎的梦　我袂搁追回 督着难关　一步一步行 酒那落喉　看破    麦作伙啦 
暗暝风吹　吹着心内悲 越头欲找　煞找袂着你 夜星闪烁　照阮孤单行 望想着你　呼阮　心疼痛
朦胧月影　照出心内话 讲袂出来　拢藏伫心底 放荡生活　已经是过去 想欲抱你　煞来　啥无影
欲大声叫　挽回你来 破碎的梦　我袂搁追回 督着难关　一步一步行 酒那落喉　压杂    拢散开
薄雾罩来　风吹就消去 树影摇曳　日光透空虚 火光的目　显示阮意志 过去迷茫　渐渐    拢清醒
受伤的心　拢藏伫心底 已成过去　重新振作起 未来的梦　一出一出显示 嘎你某缘　放手呼去啦
欲大声叫　挽回你来 破碎的梦　我袂搁追回 督着难关　一步一步行 酒那落喉　看破    麦作伙啦
留言（ 0 ） 最相關留言 所有留言
留言（ 0 ）",2026-08-05,,編輯推薦,True,False,
2026-08-17 09:56:08,realtime,rock,,,49,賴建宇,Bach VS Beethoven (Electric Violin Version),1,26,0,https://streetvoice.com/ulysses_lai/songs/873954/,https://streetvoice.com/ulysses_lai/,"https://akstatic.streetvoice.com/song_covers/ul/ys/ulysses_lai/9iBahqQDmge3UddQKQYJJG.jpeg?x-oss-process=image/resize,m_fixed,h_1,w_1,limit_0/resize,m_fixed,h_630,w_1200,limit_0/watermark,image_c29uZ19jb3ZlcnMvdWwveXMvdWx5c3Nlc19sYWkvOWlCYWhxUURtZ2UzVWRkUUtRWUpKRy5qcGVnP3gtb3NzLXByb2Nlc3M9aW1hZ2UvcmVzaXplLG1fZml4ZWQsaF8zNDQsd18zNDQsbGltaXRfMA,g_nw,x_428,y_143/watermark,image_YXNzZXQvaW1hZ2VzL21ldGFpbWFnZS1zb25nLnBuZw,g_nw,x_0,y_0",images/873954.jpeg,@ulysses_lai,音樂人,台中市,2026-06-01,,10,8,,,,https://www.youtube.com/user/StreetVoiceTV,,,Alternative,,,,"本曲是我在2014年為「臺中圓滿室內樂團」創作的作品，作品靈感來自於巴哈的D小調觸技曲及貝多芬的第五號交響曲的主題動機，透過融合兩個作品的旋律動機，輔以現代電子搖滾編曲風格呈現出 ""Bach VS Beethoven""的對峙感。原編制是弦樂四重奏，現今改成電提琴為主角的炫技演奏曲。 版權所有，未經授權請勿任意使用。 
本曲是我在2014年為「臺中圓滿室內樂團」創作的作品，作品靈感來自於巴哈的D小調觸技曲及貝多芬的第五號交響曲的主題動機，透過融合兩個作品的旋律動機，輔以現代電子搖滾編曲風格呈現出 ""Bach VS Beethoven""的對峙感。原編制是弦樂四重奏，現今改成電提琴為主角的炫技演奏曲。
版權所有，未經授權請勿任意使用。","這是沒有提供歌詞的歌曲
留言（ 0 ） 最相關留言 所有留言
留言（ 0 ）",2026-08-11,,,False,False,
2026-08-17 09:56:08,realtime,rock,,,50,賴建宇,Dance Capriccio (Flamenco version),1,28,0,https://streetvoice.com/ulysses_lai/songs/873949/,https://streetvoice.com/ulysses_lai/,"https://akstatic.streetvoice.com/song_covers/ul/ys/ulysses_lai/E9t9cPVAWCdb7e8dN2Vrtp.jpeg?x-oss-process=image/resize,m_fixed,h_1,w_1,limit_0/resize,m_fixed,h_630,w_1200,limit_0/watermark,image_c29uZ19jb3ZlcnMvdWwveXMvdWx5c3Nlc19sYWkvRTl0OWNQVkFXQ2RiN2U4ZE4yVnJ0cC5qcGVnP3gtb3NzLXByb2Nlc3M9aW1hZ2UvcmVzaXplLG1fZml4ZWQsaF8zNDQsd18zNDQsbGltaXRfMA,g_nw,x_428,y_143/watermark,image_YXNzZXQvaW1hZ2VzL21ldGFpbWFnZS1zb25nLnBuZw,g_nw,x_0,y_0",images/873949.jpeg,@ulysses_lai,音樂人,台中市,2026-06-01,,10,8,,,,https://www.youtube.com/user/StreetVoiceTV,,,Alternative,,,,"這是我在2014年為「臺中圓滿室內樂團」創作的作品，原作共包含四段主題旋律，編制為吉他+弦樂四重奏，在此取第一段主題進行改編為佛朗明哥式吉他+小提琴作為炫技演奏曲呈現。 版權所有，未經授權請勿任意使用。 
這是我在2014年為「臺中圓滿室內樂團」創作的作品，原作共包含四段主題旋律，編制為吉他+弦樂四重奏，在此取第一段主題進行改編為佛朗明哥式吉他+小提琴作為炫技演奏曲呈現。
版權所有，未經授權請勿任意使用。","這是沒有提供歌詞的歌曲
留言（ 0 ） 最相關留言 所有留言
留言（ 0 ）",2026-08-11,,,False,False,
