snapshot_time,rank,artist_name,song_title,likes_count,play_count,comments_count,song_url,artist_url,cover_image_url,artist_handle,artist_identity,artist_city,artist_joined_date,artist_accredited_datetime,artist_music_count,artist_fans_count,artist_following_count,artist_facebook_url,artist_instagram_url,artist_youtube_url,genre,album_title,album_url,collaborators,description,lyrics,release_date,song_accredited_datetime,is_editor_recommended,is_song_of_the_day,critic_review_url
2026-03-10 21:24:26,1,,,7,361,10,https://streetvoice.com/jasper980827/songs/848286/,https://streetvoice.com/jasper980827/,"https://akstatic.streetvoice.com/song_covers/ja/sp/jasper980827/4ppPGhRnyJdCBgBo8qdoD2.jpeg?x-oss-process=image/resize,m_fixed,h_1,w_1,limit_0/resize,m_fixed,h_630,w_1200,limit_0/watermark,image_c29uZ19jb3ZlcnMvamEvc3AvamFzcGVyOTgwODI3LzRwcFBHaFJueUpkQ0JnQm84cWRvRDIuanBlZz94LW9zcy1wcm9jZXNzPWltYWdlL3Jlc2l6ZSxtX2ZpeGVkLGhfMzQ0LHdfMzQ0LGxpbWl0XzA,g_nw,x_428,y_143/watermark,image_YXNzZXQvaW1hZ2VzL21ldGFpbWFnZS1zb25nLnBuZw,g_nw,x_0,y_0",@jasper980827,音樂人,,,,,3,1,,,https://www.youtube.com/user/StreetVoiceTV,Hip hop / Rap,,,,"如果晚霞沒有帶走你 我們能否再見 混音: NØIR 編曲: type beat 詞曲:NØIR 
如果晚霞沒有帶走你 我們能否再見
混音: NØIR 編曲: type beat 詞曲:NØIR","Baby 你帶走我的畫 請不要丟下我一人 風吹散那天的晚霞 也帶走了我的天真 或許這次真的 真的該去放下你 可回憶帶給我的傷害要怎麼去逃離 謊言 +秘密或許不等於幸福 那些顧慮和輕浮在我腦海中起伏 你的背影抽離 是今年聖誕最爛的禮物 我和你的回憶 也爛在肚裡無法自述 無法自述 心裡他自己有數 曾經相愛的兩人 為何到了最後各自哭訴 哭訴 好辛苦 離開前最好想清楚 我的心被封鎖 也許我就是一個廢物 看清楚 他只不過ㄧ個過客 不想走前人路 可故事總是重蹈覆轍 想念又想念 夜裡只不住的思念 如果再重來一次 我選擇不再跟你見面 不太會唱情歌 對你的思念變成副歌 想說的話青色 到了嘴邊變成不捨 腦海中你的樣子 在我心中逐漸被取捨 枕邊沒有你的樣子 下次見面是在何時 想念又想念 思念又思念 步履蹣跚的你 是否後悔當初的事 你存在的時空 我已不在旁邊守候 請記得我愛你 是永遠不後悔的事 
Baby 你帶走我的畫 請不要丟下我一人 風吹散那天的晚霞 也帶走了我的天真 或許這次真的 真的該去放下你 可回憶帶給我的傷害要怎麼去逃離 謊言 +秘密或許不等於幸福 那些顧慮和輕浮在我腦海中起伏 你的背影抽離 是今年聖誕最爛的禮物 我和你的回憶 也爛在肚裡無法自述 無法自述 心裡他自己有數 曾經相愛的兩人 為何到了最後各自哭訴 哭訴 好辛苦 離開前最好想清楚 我的心被封鎖 也許我就是一個廢物 看清楚 他只不過ㄧ個過客 不想走前人路 可故事總是重蹈覆轍 想念又想念 夜裡只不住的思念 如果再重來一次 我選擇不再跟你見面 不太會唱情歌 對你的思念變成副歌 想說的話青色 到了嘴邊變成不捨 腦海中你的樣子 在我心中逐漸被取捨 枕邊沒有你的樣子 下次見面是在何時 想念又想念 思念又思念 步履蹣跚的你 是否後悔當初的事 你存在的時空 我已不在旁邊守候 請記得我愛你 是永遠不後悔的事
留言（ 10 ） 最相關留言 所有留言
留言（ 10 ）",2026-03-09,,False,False,
2026-03-10 21:24:26,2,,,0,0,4,https://streetvoice.com/VulgarSavior/songs/848007/,https://streetvoice.com/VulgarSavior/,"https://akstatic.streetvoice.com/song_covers/Vu/lg/VulgarSavior/HZ76FbbQTLQaCPaziR9cob.jpeg?x-oss-process=image/resize,m_fixed,h_1,w_1,limit_0/resize,m_fixed,h_630,w_1200,limit_0/watermark,image_c29uZ19jb3ZlcnMvVnUvbGcvVnVsZ2FyU2F2aW9yL0haNzZGYmJRVExRYUNQYXppUjljb2IuanBlZz94LW9zcy1wcm9jZXNzPWltYWdlL3Jlc2l6ZSxtX2ZpeGVkLGhfMzQ0LHdfMzQ0LGxpbWl0XzA,g_nw,x_428,y_143/watermark,image_YXNzZXQvaW1hZ2VzL21ldGFpbWFnZS1zb25nLnBuZw,g_nw,x_0,y_0",@VulgarSavior,音樂人,基隆市,2020-09-01,2021-05-31 10:49,5,1625,7,,https://www.instagram.com/vulgarsavior/,https://www.youtube.com/channel/UCACncH3SUC0sVR5x_C3GS2A,Alternative,,,,"嘿 baby 週末去哪裡？ 要不要和我一起逃離這裡？ 寫給最近不好過的你： 一起去看音樂祭 一起庸俗的被拯救 
嘿 baby 週末去哪裡？ 要不要和我一起逃離這裡？
寫給最近不好過的你：
一起去看音樂祭 一起庸俗的被拯救","動態歌詞
嘿 baby 週末去哪裡？ 現在是否有片烏雲 籠罩在你疲憊的心 喔 baby, it's not easy So I bought two tickets 要不要和我一起逃離這裡？ 這世界總有紛紛擾擾的問題 不會等你 青春總是靜靜悄悄離去 那就不要再想 跟我走吧 一起去看音樂祭 下著雨的午後 沒有陽光 但你有我 這首歌陪你失控 一起去看音樂祭 你臉上的淚水 我們最近都不好過 就讓雨水淋到濕透 (ooh ooh ooh) (ooh ooh ooh) 嘿 baby 跟著我前進 若害怕迷失在人群 只要你願意我會牽著你 baby if you want it 一起趴杆都沒問題 你開圈我會在旁邊等你 這世界總有紛紛擾擾的問題 不會等你 青春總是靜靜悄悄離去 那就不要再想 跟我走吧 一起去看音樂祭 下著雨的午後 沒有陽光 但你有我 這首歌陪你失控 一起去看音樂祭 你臉上的淚水 我們最近都不好過 就讓雨水淋到濕透 一起去看音樂祭 此刻就是永遠 庸俗的你 庸俗的我 一起庸俗的被拯救 一起去看音樂祭 擦乾臉上的淚水 此刻你我緊緊相擁 不管明天該怎麼活 (ooh ooh ooh) (ooh ooh ooh) 
嘿 baby 週末去哪裡？ 現在是否有片烏雲 籠罩在你疲憊的心 喔 baby, it's not easy So I bought two tickets 要不要和我一起逃離這裡？
這世界總有紛紛擾擾的問題 不會等你 青春總是靜靜悄悄離去 那就不要再想 跟我走吧
一起去看音樂祭 下著雨的午後 沒有陽光 但你有我 這首歌陪你失控
一起去看音樂祭 你臉上的淚水 我們最近都不好過 就讓雨水淋到濕透 (ooh ooh ooh) (ooh ooh ooh) 嘿 baby 跟著我前進 若害怕迷失在人群 只要你願意我會牽著你
baby if you want it 一起趴杆都沒問題 你開圈我會在旁邊等你 這世界總有紛紛擾擾的問題 不會等你 青春總是靜靜悄悄離去 那就不要再想 跟我走吧
一起去看音樂祭 下著雨的午後 沒有陽光 但你有我 這首歌陪你失控
一起去看音樂祭 你臉上的淚水 我們最近都不好過 就讓雨水淋到濕透
一起去看音樂祭 此刻就是永遠 庸俗的你 庸俗的我 一起庸俗的被拯救
一起去看音樂祭 擦乾臉上的淚水 此刻你我緊緊相擁 不管明天該怎麼活
(ooh ooh ooh) (ooh ooh ooh)
留言（ 4 ） 最相關留言 所有留言
留言（ 4 ）",2026-03-10,,False,False,
2026-03-10 21:24:26,3,,,6,357,10,https://streetvoice.com/RABand2507/songs/847704/,https://streetvoice.com/RABand2507/,"https://akstatic.streetvoice.com/music_albums/RA/Ba/RABand2507/EgRAmLn963fMdx6r8pc9Kt.jpeg?x-oss-process=image/resize,m_fixed,h_1,w_1,limit_0/resize,m_fixed,h_630,w_1200,limit_0/watermark,image_bXVzaWNfYWxidW1zL1JBL0JhL1JBQmFuZDI1MDcvRWdSQW1Mbjk2M2ZNZHg2cjhwYzlLdC5qcGVnP3gtb3NzLXByb2Nlc3M9aW1hZ2UvcmVzaXplLG1fZml4ZWQsaF8zNDQsd18zNDQsbGltaXRfMA,g_nw,x_428,y_143/watermark,image_YXNzZXQvaW1hZ2VzL21ldGFpbWFnZS1zb25nLnBuZw,g_nw,x_0,y_0",@RABand2507,音樂人,,,2025-09-25 13:13,1,14,1,https://www.facebook.com/profile.php?id=61578943824622,https://www.instagram.com/theband_ra/,https://www.youtube.com/user/StreetVoiceTV,Rock,RA 同名專輯,https://streetvoice.com/RABand2507/songs/album/97324823/,木矛冏田力LupinTheOrange,"作曲Composer：劉橘男 LupinOrange Liu 作詞Lyricist ：劉橘男 LupinOrange Liu 編曲 Arrangement： RA 拉 Presented by RA 拉 
作曲Composer：劉橘男 LupinOrange Liu 作詞Lyricist ：劉橘男 LupinOrange Liu 編曲 Arrangement： RA 拉 Presented by RA 拉","動態歌詞
你覺得痛苦嗎 在愛情受了傷 你的愚蠢到最後還是翻了船 你的媽媽都不得不嫉妒他 總之你的付出 Love 得不到解答 你覺得痛苦嗎 還是不成功嗎 自以為是的才華 卻沒人欣賞 你還是回家吧 去找你的爸爸 問他你是不是依舊那麼的棒 Oh Amigo 把你弄得 Cry cry 他每次壞壞的時候 我們的 Amigo 不是隨便說說 總是最掃興的那種 Sufrimiento 那是身而為人的執著 那是與生俱來的懦弱 折磨折騰著你這小逼機 Sufrimiento 那是說不出來的沈默 種在你人生中的幽默 悲傷著憎恨不斷中醒來過 你覺得痛苦嗎 被誰背叛了嗎 才發現自己其實沒有朋友嗎 他們都是小人 只有你是大人 大人的煩惱就是去小人國要買全票齁 Oh Amigo 把你弄得 Cry cry 他每次壞壞的時候 我們的 Amigo 不是隨便說說 總是最掃興的那種 你覺得痛苦嗎 身體還健康嗎 你的心你的肺你的腎你的肝 他們開始合作跟你抗議了嗎 開始伸手跟你要錢了嗎 你覺得痛苦嗎 Sufrimiento 那是身而為人的執著 那是與生俱來的懦弱 折磨折騰著你這小逼機 Sufrimiento 那是說不出來的沈默 種在你人生中的幽默 悲傷著憎恨不斷重新來過 
你覺得痛苦嗎 在愛情受了傷 你的愚蠢到最後還是翻了船 你的媽媽都不得不嫉妒他 總之你的付出 Love 得不到解答 你覺得痛苦嗎 還是不成功嗎 自以為是的才華 卻沒人欣賞 你還是回家吧 去找你的爸爸 問他你是不是依舊那麼的棒
Oh Amigo 把你弄得 Cry cry 他每次壞壞的時候 我們的 Amigo 不是隨便說說 總是最掃興的那種
Sufrimiento 那是身而為人的執著 那是與生俱來的懦弱 折磨折騰著你這小逼機 Sufrimiento 那是說不出來的沈默 種在你人生中的幽默 悲傷著憎恨不斷中醒來過
你覺得痛苦嗎 被誰背叛了嗎 才發現自己其實沒有朋友嗎 他們都是小人 只有你是大人 大人的煩惱就是去小人國要買全票齁
Oh Amigo 把你弄得 Cry cry 他每次壞壞的時候 我們的 Amigo 不是隨便說說 總是最掃興的那種 你覺得痛苦嗎 身體還健康嗎 你的心你的肺你的腎你的肝 他們開始合作跟你抗議了嗎 開始伸手跟你要錢了嗎 你覺得痛苦嗎
Sufrimiento 那是身而為人的執著 那是與生俱來的懦弱 折磨折騰著你這小逼機 Sufrimiento 那是說不出來的沈默 種在你人生中的幽默 悲傷著憎恨不斷重新來過
留言（ 10 ） 最相關留言 所有留言
留言（ 10 ）",2026-03-04,,True,True,
2026-03-10 21:24:26,4,,,36,4326,7,https://streetvoice.com/morebeus_official/songs/848053/,https://streetvoice.com/morebeus_official/,"https://akstatic.streetvoice.com/song_covers/mo/re/morebeus_official/BdoUcMsgirfsjpajBjuaVY.jpeg?x-oss-process=image/resize,m_fixed,h_1,w_1,limit_0/resize,m_fixed,h_630,w_1200,limit_0/watermark,image_c29uZ19jb3ZlcnMvbW8vcmUvbW9yZWJldXNfb2ZmaWNpYWwvQmRvVWNNc2dpcmZzanBhakJqdWFWWS5qcGVnP3gtb3NzLXByb2Nlc3M9aW1hZ2UvcmVzaXplLG1fZml4ZWQsaF8zNDQsd18zNDQsbGltaXRfMA,g_nw,x_428,y_143/watermark,image_YXNzZXQvaW1hZ2VzL21ldGFpbWFnZS1zb25nLnBuZw,g_nw,x_0,y_0",@morebeus_official,音樂人,台灣,2025-12-01,2026-02-12 09:57,1,31,,,https://www.instagram.com/morebeus_official/,https://www.youtube.com/@morebeus_official,Rock,,,,"大家還記得小時候屬於自己的秘密基地嗎？可能是某個屋頂、某棵樹下，或是只有朋友才知道的入口。那裡藏著很多笑聲、很多秘密，還有一段不想結束的時光。長大之後，好像很少再有那樣的地方了。 如果有一天你來到我們的演出，大家可以在同一個地方一起唱、一起吶喊，那個地方大概就會變成我們的秘密基地吧。雖然樂團可能會有如曇花一現般，可能會悄悄的消失在青春之中，但只要那一刻有你、有我，那些瞬間就有人負責保存。 主唱 諾伊 吉他 Ryan 貝斯 阿齊 鼓 丞翔 鼓協力 陳又陽 混音 Ryan 
大家還記得小時候屬於自己的秘密基地嗎？可能是某個屋頂、某棵樹下，或是只有朋友才知道的入口。那裡藏著很多笑聲、很多秘密，還有一段不想結束的時光。長大之後，好像很少再有那樣的地方了。
如果有一天你來到我們的演出，大家可以在同一個地方一起唱、一起吶喊，那個地方大概就會變成我們的秘密基地吧。雖然樂團可能會有如曇花一現般，可能會悄悄的消失在青春之中，但只要那一刻有你、有我，那些瞬間就有人負責保存。
主唱 諾伊 吉他 Ryan 貝斯 阿齊 鼓 丞翔 鼓協力 陳又陽 混音 Ryan","動態歌詞
歡迎 回到我們的秘密基地 相信 你有得到你想要的東西 像是一場遊戲 或是一段回憶 或是消逝的足跡 越是快樂越會惆悵 越是激動越會受傷 怎麼就 這麼快 時間不會停下來 想裝作 不難過 但是鏡子裡的我怎麼又哭了 你怎麼就走了 攜手回頭看這段青春 沒有人能夠負責 保存 怎麼就 這麼快 希望時間停下來 想裝作 不難過 但是現在的你我怎麼就哭了 不想要再走了 攜手回頭看這段青春 我們都能夠負責 保存 保存 歡迎 回到我們的秘密基地 歡迎 回到我們的秘密基地 
歡迎 回到我們的秘密基地 相信 你有得到你想要的東西 像是一場遊戲 或是一段回憶 或是消逝的足跡
越是快樂越會惆悵 越是激動越會受傷 怎麼就 這麼快 時間不會停下來 想裝作 不難過 但是鏡子裡的我怎麼又哭了 你怎麼就走了 攜手回頭看這段青春 沒有人能夠負責 保存
怎麼就 這麼快 希望時間停下來 想裝作 不難過 但是現在的你我怎麼就哭了 不想要再走了 攜手回頭看這段青春 我們都能夠負責 保存 保存 歡迎 回到我們的秘密基地 歡迎 回到我們的秘密基地
留言（ 7 ） 最相關留言 所有留言
留言（ 7 ）",2026-03-07,,True,False,
2026-03-10 21:24:26,5,,,52,2369,16,https://streetvoice.com/andy61706/songs/847568/,https://streetvoice.com/andy61706/,"https://akstatic.streetvoice.com/song_covers/an/dy/andy61706/XihFLwMHesVxtGwTZC3sbU.jpeg?x-oss-process=image/resize,m_fixed,h_1,w_1,limit_0/resize,m_fixed,h_630,w_1200,limit_0/watermark,image_c29uZ19jb3ZlcnMvYW4vZHkvYW5keTYxNzA2L1hpaEZMd01IZXNWeHRHd1RaQzNzYlUuanBlZz94LW9zcy1wcm9jZXNzPWltYWdlL3Jlc2l6ZSxtX2ZpeGVkLGhfMzQ0LHdfMzQ0LGxpbWl0XzA,g_nw,x_428,y_143/watermark,image_YXNzZXQvaW1hZ2VzL21ldGFpbWFnZS1zb25nLnBuZw,g_nw,x_0,y_0",@andy61706,音樂人,台中市,2017-07-01,,1,38,36,,,https://www.youtube.com/user/StreetVoiceTV,Singer / Songwriter,,,,"這首是紀錄我自己情緒狀態的一首歌 也是銜接上一首創作 山與海的二部曲 在尋找自我的過程當中 誠實的面對 那些在內心的焦慮、慾望、恐懼還有憤怒 從掙扎到共存 最後去體驗並接受每一個狀態下的自己 我必須說，這是一首很任性、很自我的歌 但同時，我也為這份真實感到驕傲 詞曲：LiuLiu 製作人 ：井上將宏 編曲 ：井上將宏 電吉他：井上將宏 木吉他：井上將宏 Bass：黃友君 鼓：鄧學澧 合聲編寫：LiuLiu 合聲：LiuLiu  胡心如 混音工程師 ： 井上將宏 母帶後期製作人 ： 井上將宏 混音母帶後期工作室 ：井上的家 影像製作： Summer 封面拍攝：尖尖 特別感謝艸青 
這首是紀錄我自己情緒狀態的一首歌 也是銜接上一首創作 山與海的二部曲 在尋找自我的過程當中 誠實的面對 那些在內心的焦慮、慾望、恐懼還有憤怒 從掙扎到共存 最後去體驗並接受每一個狀態下的自己 我必須說，這是一首很任性、很自我的歌 但同時，我也為這份真實感到驕傲
詞曲：LiuLiu 製作人 ：井上將宏 編曲 ：井上將宏 電吉他：井上將宏 木吉他：井上將宏 Bass：黃友君 鼓：鄧學澧 合聲編寫：LiuLiu 合聲：LiuLiu  胡心如 混音工程師 ： 井上將宏 母帶後期製作人 ： 井上將宏 混音母帶後期工作室 ：井上的家 影像製作： Summer 封面拍攝：尖尖
特別感謝艸青","誰 躲在這裡 誰又躲在我心裡 妳 藏在哪裡 在空蕩的房間 冰冷的空氣流動 沒有誰的聲音 滯留在我心裡面 慾望包圍著身體 情緒在不停奔走 誰又會真的懂 能讓我找到自己 誰 躲在這裡 誰又躲在我心裡 妳 藏在哪裡 沒有情緒躲在這裡 妳藏在這裡 原來原來就在這裡 我才明白有多恐懼 原來原來就在這裡 ㄧ直在這裡 ㄧ直在這裡 ㄧ直在這裡 誰躲在這裡 誰躲在這裡 誰躲在這裡 誰躲在這裡 誰躲在這裡 你藏在哪裡 誰躲在這裡 你藏在哪裡 誰 
誰 躲在這裡 誰又躲在我心裡 妳 藏在哪裡
在空蕩的房間 冰冷的空氣流動 沒有誰的聲音 滯留在我心裡面
慾望包圍著身體 情緒在不停奔走 誰又會真的懂 能讓我找到自己
誰 躲在這裡 誰又躲在我心裡 妳 藏在哪裡 沒有情緒躲在這裡 妳藏在這裡
原來原來就在這裡 我才明白有多恐懼 原來原來就在這裡 ㄧ直在這裡 ㄧ直在這裡 ㄧ直在這裡
誰躲在這裡 誰躲在這裡 誰躲在這裡 誰躲在這裡
誰躲在這裡 你藏在哪裡 誰躲在這裡 你藏在哪裡
誰
留言（ 16 ） 最相關留言 所有留言
留言（ 16 ）",2026-03-04,,True,False,
2026-03-10 21:24:26,6,,,2,305,2,https://streetvoice.com/loststar926/songs/848034/,https://streetvoice.com/loststar926/,"https://akstatic.streetvoice.com/song_covers/lo/st/loststar926/GLrEZfxPd9GddYHLd6xCpD.jpg?x-oss-process=image/resize,m_fixed,h_1,w_1,limit_0/resize,m_fixed,h_630,w_1200,limit_0/watermark,image_c29uZ19jb3ZlcnMvbG8vc3QvbG9zdHN0YXI5MjYvR0xyRVpmeFBkOUdkZFlITGQ2eENwRC5qcGc_eC1vc3MtcHJvY2Vzcz1pbWFnZS9yZXNpemUsbV9maXhlZCxoXzM0NCx3XzM0NCxsaW1pdF8w,g_nw,x_428,y_143/watermark,image_YXNzZXQvaW1hZ2VzL21ldGFpbWFnZS1zb25nLnBuZw,g_nw,x_0,y_0",@loststar926,音樂人,宜蘭縣,2022-11-01,2023-12-12 17:35,39,76,20,https://www.facebook.com/Funcal.tw,https://instagram.com/funcal.tw,https://youtube.com/@funcalmusic,Singer / Songwriter,星星的台語精選輯,https://streetvoice.com/loststar926/songs/album/97322731/,,"火紅熾熱的心 終將照亮黑夜 
火紅熾熱的心 終將照亮黑夜","風若停 詞曲/Lost Star 風對海邊吹過來 吹亂阮的頭鬃 這條路行偌爾久 猶原無人知影 燈火一暝擱一暝 照著阮的孤單 有時陣嘛會懷疑 夢敢會有 彼一工 若有一工風會停 阮欲唱乎天來聽 這條無人看見的路 阮一步一步行 若有一工天會光 阮就毋驚夜偌長 只要心內彼團火 猶原為著夢 在燒紅 
風若停 詞曲/Lost Star
風對海邊吹過來 吹亂阮的頭鬃 這條路行偌爾久 猶原無人知影
燈火一暝擱一暝 照著阮的孤單 有時陣嘛會懷疑 夢敢會有 彼一工
若有一工風會停 阮欲唱乎天來聽 這條無人看見的路 阮一步一步行
若有一工天會光 阮就毋驚夜偌長 只要心內彼團火 猶原為著夢 在燒紅
留言（ 2 ） 最相關留言 所有留言
留言（ 2 ）",2026-03-07,,False,False,
2026-03-10 21:24:26,7,,,26,3038,22,https://streetvoice.com/kingdomofrain/songs/847517/,https://streetvoice.com/kingdomofrain/,"https://akstatic.streetvoice.com/song_covers/ki/ng/kingdomofrain/5h4SafbaozUuhCk3GxHFZk.jpeg?x-oss-process=image/resize,m_fixed,h_1,w_1,limit_0/resize,m_fixed,h_630,w_1200,limit_0/watermark,image_c29uZ19jb3ZlcnMva2kvbmcva2luZ2RvbW9mcmFpbi81aDRTYWZiYW96VXVoQ2szR3hIRlprLmpwZWc_eC1vc3MtcHJvY2Vzcz1pbWFnZS9yZXNpemUsbV9maXhlZCxoXzM0NCx3XzM0NCxsaW1pdF8w,g_nw,x_428,y_143/watermark,image_YXNzZXQvaW1hZ2VzL21ldGFpbWFnZS1zb25nLnBuZw,g_nw,x_0,y_0",@kingdomofrain,音樂人,,,2021-05-20 15:42,7,216,,,,https://youtu.be/GRV3uu6d_xw,Electronic,,,,"你從昨夜中學到了什麼？ 詞曲：陳翰 混音：陳翰 母帶：曹安 
你從昨夜中學到了什麼？
詞曲：陳翰 混音：陳翰 母帶：曹安","動態歌詞
為誰而活為誰而累 日子過了一天又一天 每日每夜想著誰 總在最後才發現 為你而活為他而累 重複看著白天變黑夜 每日每夜想著誰 但願我們終究能發現 你要我忘了昨天 卻沒能顧到明天 我們沒日沒夜 卻選擇困在從前 總要學會面對 儘管寸步難前 不論白天黑夜 總要勇敢面對 你要我忘了昨天 卻沒能顧到明天 我們沒日沒夜 卻選擇困在從前 總要學會面對 儘管寸步難前 不論白天黑夜 總要勇敢面對 為誰而活為誰而累 日子過了一天又一天 每日每夜想著誰 總在最後才發現 為你而活為他而累 重複看著白天變黑夜 每日每夜想著誰 但願我們終究能發現 你要我忘了昨天 卻沒能顧到明天 我們沒日沒夜 卻選擇困在從前 總要學會面對 儘管寸步難前 不論白天黑夜 總要勇敢面對 你要我忘了昨天 卻沒能顧到明天 我們沒日沒夜 卻選擇困在從前 總要學會面對 儘管寸步難前 不論白天黑夜 總要勇敢面對 為誰而活為誰而累 日子過了一天又一天 每日每夜想著誰 總在最後才發現 你要我忘了昨天 你要我忘了昨天 
為誰而活為誰而累 日子過了一天又一天 每日每夜想著誰 總在最後才發現 為你而活為他而累 重複看著白天變黑夜 每日每夜想著誰 但願我們終究能發現 你要我忘了昨天 卻沒能顧到明天 我們沒日沒夜 卻選擇困在從前 總要學會面對 儘管寸步難前 不論白天黑夜 總要勇敢面對 你要我忘了昨天 卻沒能顧到明天 我們沒日沒夜 卻選擇困在從前 總要學會面對 儘管寸步難前 不論白天黑夜 總要勇敢面對 為誰而活為誰而累 日子過了一天又一天 每日每夜想著誰 總在最後才發現 為你而活為他而累 重複看著白天變黑夜 每日每夜想著誰 但願我們終究能發現 你要我忘了昨天 卻沒能顧到明天 我們沒日沒夜 卻選擇困在從前 總要學會面對 儘管寸步難前 不論白天黑夜 總要勇敢面對 你要我忘了昨天 卻沒能顧到明天 我們沒日沒夜 卻選擇困在從前 總要學會面對 儘管寸步難前 不論白天黑夜 總要勇敢面對 為誰而活為誰而累 日子過了一天又一天 每日每夜想著誰 總在最後才發現 你要我忘了昨天 你要我忘了昨天
留言（ 22 ） 最相關留言 所有留言
留言（ 22 ）",2026-03-02,,True,False,
2026-03-10 21:24:26,8,,,6,279,0,https://streetvoice.com/nckuhiphop/songs/848079/,https://streetvoice.com/nckuhiphop/,"https://akstatic.streetvoice.com/song_covers/nc/ku/nckuhiphop/UYwBkqpvX7DPHsqkJZafPJ.jpg?x-oss-process=image/resize,m_fixed,h_1,w_1,limit_0/resize,m_fixed,h_630,w_1200,limit_0/watermark,image_c29uZ19jb3ZlcnMvbmMva3UvbmNrdWhpcGhvcC9VWXdCa3Fwdlg3RFBIc3FrSlphZlBKLmpwZz94LW9zcy1wcm9jZXNzPWltYWdlL3Jlc2l6ZSxtX2ZpeGVkLGhfMzQ0LHdfMzQ0LGxpbWl0XzA,g_nw,x_428,y_143/watermark,image_YXNzZXQvaW1hZ2VzL21ldGFpbWFnZS1zb25nLnBuZw,g_nw,x_0,y_0",@nckuhiphop,音樂人,台南市,2026-02-01,,,,,,,https://www.youtube.com/user/StreetVoiceTV,Hip hop / Rap,,,培特西 Pett C.,"《成大嘻研2026眷村出遊超爽香汗淋漓最頂幹大事ep》是成大嘻研一伙人於2026年2/1~2/3於入住民宿途中創作出的（幾乎）全製作ep。歌詞感人肺腑、旋律扣人心弦，為你2026絕不能錯過的動人之作。 mv on youtube💔💔 詞 Lyrics | 陳彥輔、高一弘、林恩立 曲 Compose | 陳彥輔、高一弘、林恩立 編曲 Arrangement | GAXILLIC 混音 Mixing | 林恩立 母帶 Mastering | 林恩立 
《成大嘻研2026眷村出遊超爽香汗淋漓最頂幹大事ep》是成大嘻研一伙人於2026年2/1~2/3於入住民宿途中創作出的（幾乎）全製作ep。歌詞感人肺腑、旋律扣人心弦，為你2026絕不能錯過的動人之作。
mv on youtube💔💔
詞 Lyrics | 陳彥輔、高一弘、林恩立 曲 Compose | 陳彥輔、高一弘、林恩立 編曲 Arrangement | GAXILLIC 混音 Mixing | 林恩立 母帶 Mastering | 林恩立","你奪走我的心❤️💗💕💜 你奪走我的命👽👽👽👽 在沒有你的城市裡我依然在飛行✈️✈️✈️ 我戒不掉的酒🍷🍻🥃 我戒不掉的癮☠️☠️☠️ 我的世界除了你只有尼古丁🚬🚬🚬🚬 
你奪走我的心❤️💗💕💜 你奪走我的命👽👽👽👽 在沒有你的城市裡我依然在飛行✈️✈️✈️ 我戒不掉的酒🍷🍻🥃 我戒不掉的癮☠️☠️☠️ 我的世界除了你只有尼古丁🚬🚬🚬🚬
留言（ 0 ） 最相關留言 所有留言
留言（ 0 ）",2026-03-07,,True,False,
2026-03-10 21:24:26,9,,,12,304,19,https://streetvoice.com/shakra/songs/848060/,https://streetvoice.com/shakra/,"https://akstatic.streetvoice.com/song_covers/sh/ak/shakra/c6yViXnr9vbLLVumDhpDPc.jpeg?x-oss-process=image/resize,m_fixed,h_1,w_1,limit_0/resize,m_fixed,h_630,w_1200,limit_0/watermark,image_c29uZ19jb3ZlcnMvc2gvYWsvc2hha3JhL2M2eVZpWG5yOXZiTExWdW1EaHBEUGMuanBlZz94LW9zcy1wcm9jZXNzPWltYWdlL3Jlc2l6ZSxtX2ZpeGVkLGhfMzQ0LHdfMzQ0LGxpbWl0XzA,g_nw,x_428,y_143/watermark,image_YXNzZXQvaW1hZ2VzL21ldGFpbWFnZS1zb25nLnBuZw,g_nw,x_0,y_0",@shakra,音樂人,,,2025-12-18 09:56,4,27,9,,https://www.instagram.com/yozakura03618,https://youtube.com/@yozakura-03618,Folk,,,Sakae、Aurum 倫,"最後一首歌。 祝福大家活得乾乾爽爽、整整齊齊。 — The Final Piece — 詞 Sakae／曲 Aurum 編曲 Yozakura 特別感謝 Sakae 和阿倫學弟，很榮幸能共同完成這首作品。讓結束成為最有力量的開始，這麼美好的獎勵，我會持續期待幸福。 
最後一首歌。 祝福大家活得乾乾爽爽、整整齊齊。
— The Final Piece — 詞 Sakae／曲 Aurum 編曲 Yozakura 特別感謝 Sakae 和阿倫學弟，很榮幸能共同完成這首作品。讓結束成為最有力量的開始，這麼美好的獎勵，我會持續期待幸福。","新的開始總是讓人心動 幻想我能成為你的天空 追著時間不停轉動 我都衝在你前頭 跨過那條有限邊界 最後還是走向不同世界 偶爾也會埋怨諾言 是誰害我半途而廢 我像濕答答的衣服攤在這裡 你卻已經乾乾爽爽 整整齊齊 愛情啊，換來一點點孤獨 愛情啊，換來一點點快樂 愛情啊，來來去去的時候 允許我暫時放手 只有勇敢結束的人 才會被獎勵一個新的開始 換來最好的希望 讓我們都能幸福 我像濕答答的衣服攤在這裡 你卻已經乾乾爽爽 整整齊齊 乾乾爽爽 整整齊齊 新的開始總是讓人心動 幻想我能成為你的天空 追著時間不停轉動 我都衝在你前頭 跨過那條有限邊界 最後還是走向不同世界 偶爾也會埋怨諾言 是誰害我半途而廢 我像濕答答的衣服攤在這裡 你卻已經乾乾爽爽 整整齊齊 愛情啊，換來一點點孤獨 愛情啊，換來一點點快樂 愛情啊，來來去去的時候 允許我暫時放手 只有勇敢結束的人 才會被獎勵一個新的開始 換來最好的希望 讓我們都能幸福 愛情啊，換來一點點孤獨 愛情啊，換來一點點快樂 愛情啊，來來去去的時候 允許我暫時放手 只有勇敢結束的人 才會被獎勵一個新的開始 換來最好的希望 讓我們都能幸福 新的開始總是讓人心動 這次我要成為你的天空 不被時間追著轉動 我會衝在你前頭 乾乾爽爽 整整齊齊 
新的開始總是讓人心動 幻想我能成為你的天空 追著時間不停轉動 我都衝在你前頭
跨過那條有限邊界 最後還是走向不同世界 偶爾也會埋怨諾言 是誰害我半途而廢
我像濕答答的衣服攤在這裡 你卻已經乾乾爽爽 整整齊齊
愛情啊，換來一點點孤獨 愛情啊，換來一點點快樂 愛情啊，來來去去的時候 允許我暫時放手
只有勇敢結束的人 才會被獎勵一個新的開始 換來最好的希望 讓我們都能幸福
我像濕答答的衣服攤在這裡 你卻已經乾乾爽爽 整整齊齊 乾乾爽爽 整整齊齊
新的開始總是讓人心動 幻想我能成為你的天空 追著時間不停轉動 我都衝在你前頭
跨過那條有限邊界 最後還是走向不同世界 偶爾也會埋怨諾言 是誰害我半途而廢
我像濕答答的衣服攤在這裡 你卻已經乾乾爽爽 整整齊齊
愛情啊，換來一點點孤獨 愛情啊，換來一點點快樂 愛情啊，來來去去的時候 允許我暫時放手
只有勇敢結束的人 才會被獎勵一個新的開始 換來最好的希望 讓我們都能幸福
愛情啊，換來一點點孤獨 愛情啊，換來一點點快樂 愛情啊，來來去去的時候 允許我暫時放手
只有勇敢結束的人 才會被獎勵一個新的開始 換來最好的希望 讓我們都能幸福
新的開始總是讓人心動 這次我要成為你的天空 不被時間追著轉動 我會衝在你前頭
乾乾爽爽 整整齊齊
留言（ 19 ） 最相關留言 所有留言
留言（ 19 ）",2026-03-07,,False,False,
2026-03-10 21:24:26,10,,,10,483,6,https://streetvoice.com/cdix2/songs/847893/,https://streetvoice.com/cdix2/,"https://akstatic.streetvoice.com/song_covers/cd/ix/cdix2/MNhh2nb6hFMtBJfqm4XjQS.jpeg?x-oss-process=image/resize,m_fixed,h_1,w_1,limit_0/resize,m_fixed,h_630,w_1200,limit_0/watermark,image_c29uZ19jb3ZlcnMvY2QvaXgvY2RpeDIvTU5oaDJuYjZoRk10QkpmcW00WGpRUy5qcGVnP3gtb3NzLXByb2Nlc3M9aW1hZ2UvcmVzaXplLG1fZml4ZWQsaF8zNDQsd18zNDQsbGltaXRfMA,g_nw,x_428,y_143/watermark,image_YXNzZXQvaW1hZ2VzL21ldGFpbWFnZS1zb25nLnBuZw,g_nw,x_0,y_0",@cdix2,音樂人,新北市,2006-04-01,2024-01-11 17:13,71,2689,1,,,https://www.youtube.com/user/StreetVoiceTV,Soundtrack / New age,六時八音 (demo EP),https://streetvoice.com/cdix2/songs/album/97324831/,,,"這是沒有提供歌詞的歌曲
留言（ 6 ） 最相關留言 所有留言
留言（ 6 ）",2026-03-06,,True,False,
2026-03-10 21:24:26,11,,,47,2632,7,https://streetvoice.com/left7792/songs/846703/,https://streetvoice.com/left7792/,"https://akstatic.streetvoice.com/song_covers/le/ft/left7792/bqFisRAQPNdhS8bVeT5Rhe.jpeg?x-oss-process=image/resize,m_fixed,h_1,w_1,limit_0/resize,m_fixed,h_630,w_1200,limit_0/watermark,image_c29uZ19jb3ZlcnMvbGUvZnQvbGVmdDc3OTIvYnFGaXNSQVFQTmRoUzhiVmVUNVJoZS5qcGVnP3gtb3NzLXByb2Nlc3M9aW1hZ2UvcmVzaXplLG1fZml4ZWQsaF8zNDQsd18zNDQsbGltaXRfMA,g_nw,x_428,y_143/watermark,image_YXNzZXQvaW1hZ2VzL21ldGFpbWFnZS1zb25nLnBuZw,g_nw,x_0,y_0",@left7792,音樂人,新北市,2007-11-01,,8,6753,2,https://www.facebook.com/liyouting,https://www.instagram.com/left7892,https://www.youtube.com/user/leftlee0902/videos,Singer / Songwriter,,,,"演唱人 Singer｜李友廷 Yo Lee 製作人 Producer｜李友廷 Yo Lee 詞曲 Lyricist & Composer｜李友廷 Yo Lee 編曲 Arranger｜李友廷 Yo Lee 混音 Mixing｜李友廷 Yo Lee 和聲 Backing Vocals｜李友廷 Yo Lee 木吉他 Acoustic Guitar｜李友廷 Yo Lee 電吉他 Electric Guitar｜黃成緯 Become Huang 貝斯 Bass｜郭宏 Hung Kuo 鼓 Drums｜毛恩 Paul Wang 特別感謝 Special Thanks｜胡俊涵 Han Hu 
演唱人 Singer｜李友廷 Yo Lee 製作人 Producer｜李友廷 Yo Lee 詞曲 Lyricist & Composer｜李友廷 Yo Lee 編曲 Arranger｜李友廷 Yo Lee 混音 Mixing｜李友廷 Yo Lee 和聲 Backing Vocals｜李友廷 Yo Lee 木吉他 Acoustic Guitar｜李友廷 Yo Lee 電吉他 Electric Guitar｜黃成緯 Become Huang 貝斯 Bass｜郭宏 Hung Kuo 鼓 Drums｜毛恩 Paul Wang
特別感謝 Special Thanks｜胡俊涵 Han Hu","晾著領口被你穿鬆的舊衣 怎麼曬阿曬 汙漬和皺褶全都還在 曾經是我引以為傲的姿態 怎麼抱緊你 卻都成了壞習慣 為你 我放棄了自己 放棄得徹底 脫掉的自尊穿不回去 為你 我敞開了雙臂 賭上了我的赤裸 如今都失去意義 如果你也愛我就好了 如果你也愛我 如果你也愛我就好了 如果你也愛我 如果你也愛我就好了 如果你也愛我 如果你也愛我 如果你也愛我 如果你也愛我就好了 如果你也愛我 如果你也愛我就好了 如果你也愛我 如果你也愛我就好了 你愛我 愛我 愛我 每個場景都像是劃破的傷口 止不住的抓 害得它至今結不成疤 應該要多恨你才能夠安全 想躲掉回憶 但是又能逃去哪 為你 我放棄了自己 放棄得徹底 單純的世界 翻來覆去無法平息 你留的髒東西 和過不去的美好 剩手機裡一則訊息 如果你也愛我就好了 如果你也愛我 如果你也愛我就好了 如果你也愛我 如果你也愛我就好了 如果你也愛我 如果你也愛我 如果你也愛我 如果你也愛我就好了 如果你也愛我 如果你也愛我就好了 如果你也愛我 如果你也愛我就好了 你愛我 愛我 愛我 
晾著領口被你穿鬆的舊衣 怎麼曬阿曬 汙漬和皺褶全都還在
曾經是我引以為傲的姿態 怎麼抱緊你 卻都成了壞習慣
為你 我放棄了自己 放棄得徹底 脫掉的自尊穿不回去
為你 我敞開了雙臂 賭上了我的赤裸 如今都失去意義
如果你也愛我就好了 如果你也愛我 如果你也愛我就好了 如果你也愛我 如果你也愛我就好了 如果你也愛我 如果你也愛我 如果你也愛我
如果你也愛我就好了 如果你也愛我 如果你也愛我就好了 如果你也愛我 如果你也愛我就好了
你愛我 愛我 愛我
每個場景都像是劃破的傷口 止不住的抓 害得它至今結不成疤
應該要多恨你才能夠安全 想躲掉回憶 但是又能逃去哪
為你 我放棄了自己 放棄得徹底 單純的世界 翻來覆去無法平息
你留的髒東西 和過不去的美好 剩手機裡一則訊息
如果你也愛我就好了 如果你也愛我 如果你也愛我就好了 如果你也愛我 如果你也愛我就好了 如果你也愛我 如果你也愛我 如果你也愛我
如果你也愛我就好了 如果你也愛我 如果你也愛我就好了 如果你也愛我 如果你也愛我就好了
你愛我 愛我 愛我
留言（ 7 ） 最相關留言 所有留言
留言（ 7 ）",2026-02-23,,True,True,
2026-03-10 21:24:26,12,,,2,40,1,https://streetvoice.com/SoulFaofficial/songs/848306/,https://streetvoice.com/SoulFaofficial/,"https://akstatic.streetvoice.com/song_covers/So/ul/SoulFaofficial/Z2soTsaGwaH9r62jErmfp3.jpeg?x-oss-process=image/resize,m_fixed,h_1,w_1,limit_0/resize,m_fixed,h_630,w_1200,limit_0/watermark,image_c29uZ19jb3ZlcnMvU28vdWwvU291bEZhb2ZmaWNpYWwvWjJzb1RzYUd3YUg5cjYyakVybWZwMy5qcGVnP3gtb3NzLXByb2Nlc3M9aW1hZ2UvcmVzaXplLG1fZml4ZWQsaF8zNDQsd18zNDQsbGltaXRfMA,g_nw,x_428,y_143/watermark,image_YXNzZXQvaW1hZ2VzL21ldGFpbWFnZS1zb25nLnBuZw,g_nw,x_0,y_0",@SoulFaofficial,音樂人,新北市,2018-09-01,,4,2655,,,,https://www.youtube.com/user/StreetVoiceTV,Rock,失望的山,https://streetvoice.com/SoulFaofficial/songs/album/97324852/,,"Demo的時候檔案名稱叫gota，因為亨利一直用ChatGPT跟別人聊天，對方也用ChatGPT回覆，然後兩個人的吵架就天崩地裂了。本山聽完故事覺得AI在搞事，就寫了這首歌diss它。 
Demo的時候檔案名稱叫gota，因為亨利一直用ChatGPT跟別人聊天，對方也用ChatGPT回覆，然後兩個人的吵架就天崩地裂了。本山聽完故事覺得AI在搞事，就寫了這首歌diss它。","這是沒有提供歌詞的歌曲
留言（ 1 ） 最相關留言 所有留言
留言（ 1 ）",2026-03-09,,True,False,
2026-03-10 21:24:26,13,,,3,76,4,https://streetvoice.com/debuzzjam/songs/848316/,https://streetvoice.com/debuzzjam/,"https://akstatic.streetvoice.com/song_covers/de/bu/debuzzjam/bRusBvWkBpo57EJXCZfvRd.jpg?x-oss-process=image/resize,m_fixed,h_1,w_1,limit_0/resize,m_fixed,h_630,w_1200,limit_0/watermark,image_c29uZ19jb3ZlcnMvZGUvYnUvZGVidXp6amFtL2JSdXNCdldrQnBvNTdFSlhDWmZ2UmQuanBnP3gtb3NzLXByb2Nlc3M9aW1hZ2UvcmVzaXplLG1fZml4ZWQsaF8zNDQsd18zNDQsbGltaXRfMA,g_nw,x_428,y_143/watermark,image_YXNzZXQvaW1hZ2VzL21ldGFpbWFnZS1zb25nLnBuZw,g_nw,x_0,y_0",@debuzzjam,音樂人,,,,1,9,1,,,https://www.youtube.com/user/StreetVoiceTV,Rock,,,,"0307練團側錄@破牆 
0307練團側錄@破牆","Suicide Truck Suicide Bomb 
Suicide Truck Suicide Bomb
留言（ 4 ） 最相關留言 所有留言
留言（ 4 ）",2026-03-09,,True,False,
2026-03-10 21:24:26,14,,,2,26,0,https://streetvoice.com/bunnyzoe0327/songs/848343/,https://streetvoice.com/bunnyzoe0327/,"https://akstatic.streetvoice.com/song_covers/bu/nn/bunnyzoe0327/mj44BjmqHQJUEJ6ES46K9k.jpeg?x-oss-process=image/resize,m_fixed,h_1,w_1,limit_0/resize,m_fixed,h_630,w_1200,limit_0/watermark,image_c29uZ19jb3ZlcnMvYnUvbm4vYnVubnl6b2UwMzI3L21qNDRCam1xSFFKVUVKNkVTNDZLOWsuanBlZz94LW9zcy1wcm9jZXNzPWltYWdlL3Jlc2l6ZSxtX2ZpeGVkLGhfMzQ0LHdfMzQ0LGxpbWl0XzA,g_nw,x_428,y_143/watermark,image_YXNzZXQvaW1hZ2VzL21ldGFpbWFnZS1zb25nLnBuZw,g_nw,x_0,y_0",@bunnyzoe0327,音樂人,,,2021-11-29 18:10,2,44,6,https://www.facebook.com/liangzoeheng/,https://instagram.com/zoe_hg82,https://youtube.com/channel/UCDrZjEKbLGZDB4iK0SmARQQ,Folk,,,,"在自認還是時間富翁的年紀， 卻總把日子過得分秒必爭。 當它悄悄從指縫間流逝時， 生命的旅程， 反倒成了沿途的風景。 時間像個沉默的魔術師， 換了容顏，也換了心境； 不急、不爭、不再追逐， 慢慢成為日常的呼吸， 季節與時光也更自由了。 那些曾以為「非要不可」的堅持，輕輕放下； 看自己也只是過客， 心裡忽然多出一片留白的晴朗。 是一種 坐二忘三的專注…… 對音樂如此， 對自己，也是如此。 詞曲：梁若珩 特別感謝 蔡題謙、黃聖丰一起完成這首歌 插畫家 阿嘎Agathe 封面的字 洪莉涵 文字討論 徐植蓉 個人專場 《坐二忘三》演出資訊 2026.03.27. 在女巫店 Open｜19:00   Start｜19:30 購票連結： https://reurl.cc/M2vG54 
在自認還是時間富翁的年紀， 卻總把日子過得分秒必爭。 當它悄悄從指縫間流逝時， 生命的旅程， 反倒成了沿途的風景。
時間像個沉默的魔術師， 換了容顏，也換了心境； 不急、不爭、不再追逐， 慢慢成為日常的呼吸， 季節與時光也更自由了。
那些曾以為「非要不可」的堅持，輕輕放下； 看自己也只是過客， 心裡忽然多出一片留白的晴朗。 是一種 坐二忘三的專注…… 對音樂如此， 對自己，也是如此。
詞曲：梁若珩 特別感謝 蔡題謙、黃聖丰一起完成這首歌 插畫家 阿嘎Agathe 封面的字 洪莉涵 文字討論 徐植蓉
個人專場 《坐二忘三》演出資訊 2026.03.27. 在女巫店 Open｜19:00   Start｜19:30 購票連結： https://reurl.cc/M2vG54
https://reurl.cc/M2vG54","走 就這樣走著 人生海海 山山而川 我 就這樣起又落 隨著風 嗯～ 你已 看遍了風景 忘了時間 正在逝去 走吧 就繼續走下去 跟著風～ 
走 就這樣走著 人生海海 山山而川 我 就這樣起又落 隨著風 嗯～
你已 看遍了風景 忘了時間 正在逝去 走吧 就繼續走下去 跟著風～
留言（ 0 ） 最相關留言 所有留言
留言（ 0 ）",2026-03-09,,True,False,
2026-03-10 21:24:26,15,,,6,1574,0,https://streetvoice.com/wheat9325/songs/847096/,https://streetvoice.com/wheat9325/,"https://akstatic.streetvoice.com/song_covers/wh/ea/wheat9325/KYKKgzpYkpuEPBSrGMFb5F.jpeg?x-oss-process=image/resize,m_fixed,h_1,w_1,limit_0/resize,m_fixed,h_630,w_1200,limit_0/watermark,image_c29uZ19jb3ZlcnMvd2gvZWEvd2hlYXQ5MzI1L0tZS0tnenBZa3B1RVBCU3JHTUZiNUYuanBlZz94LW9zcy1wcm9jZXNzPWltYWdlL3Jlc2l6ZSxtX2ZpeGVkLGhfMzQ0LHdfMzQ0LGxpbWl0XzA,g_nw,x_428,y_143/watermark,image_YXNzZXQvaW1hZ2VzL21ldGFpbWFnZS1zb25nLnBuZw,g_nw,x_0,y_0",@wheat9325,音樂人,苗栗縣,2020-04-01,,5,48,12,,,https://www.youtube.com/user/StreetVoiceTV,Singer / Songwriter,,,,"把與母親長期微妙的關係寫成一封信。明明感覺得到母親默默關注她的生活與音樂，說出口卻總是批評或冷淡。這首歌把想獨立、想自由、也想被理解的心情說清楚，告訴她自己已經長大，請放心讓她追夢。這首歌是復古與現代的融合，有著 1960 年代Motown的風格，輕快 funk groove 加上厚實貝斯推進，拍點偶爾加重，讓情緒在搖擺裡更有力。 【Hey mama! 音樂製作 Music Credit】 作曲 Composers｜段芸芸 Cloudie 作詞 Lyrics｜段芸芸 Cloudie、顧宗浩 Tsung-Hao Ku 音樂製作人 Producer｜顧宗浩 Tsung-Hao Ku 編曲 Arranger｜顧宗浩 Tsung-Hao Ku 主唱 Vocalists｜段芸芸 Cloudie 和聲編寫 Vocal arrangement ｜范慈耘 Jenny Fan 和聲 Backing Vocalist｜范慈耘 Jenny Fan 電低音吉他 Electric Bassist｜李玟睿 Wen Rui Lee 鍵盤 Keyboard｜林子耘 Eddie Lin 爵士鼓 Drums｜Boba Lee 鼓組錄音師 Vocal Recording Engineer｜Pubordee Khaopaisarn 錄音室 Vocal Recording Studio｜The Record Co. 混音工程師 Mixing Engineer｜Pubordee Khaopaisarn 母帶後期處理製作人 Mastering Producer ｜Pubordee Khaopaisarn EP企劃 Creative Director｜王雁苓 Annie 妝髮師 Makeup & Hair Artist | 詹凌岫 Shanyou 封面攝影 Photographer｜譚豫 封面設計 Cover Design｜黃湘仍 
把與母親長期微妙的關係寫成一封信。明明感覺得到母親默默關注她的生活與音樂，說出口卻總是批評或冷淡。這首歌把想獨立、想自由、也想被理解的心情說清楚，告訴她自己已經長大，請放心讓她追夢。這首歌是復古與現代的融合，有著 1960 年代Motown的風格，輕快 funk groove 加上厚實貝斯推進，拍點偶爾加重，讓情緒在搖擺裡更有力。
【Hey mama! 音樂製作 Music Credit】 作曲 Composers｜段芸芸 Cloudie 作詞 Lyrics｜段芸芸 Cloudie、顧宗浩 Tsung-Hao Ku 音樂製作人 Producer｜顧宗浩 Tsung-Hao Ku 編曲 Arranger｜顧宗浩 Tsung-Hao Ku 主唱 Vocalists｜段芸芸 Cloudie 和聲編寫 Vocal arrangement ｜范慈耘 Jenny Fan 和聲 Backing Vocalist｜范慈耘 Jenny Fan 電低音吉他 Electric Bassist｜李玟睿 Wen Rui Lee 鍵盤 Keyboard｜林子耘 Eddie Lin 爵士鼓 Drums｜Boba Lee 鼓組錄音師 Vocal Recording Engineer｜Pubordee Khaopaisarn 錄音室 Vocal Recording Studio｜The Record Co. 混音工程師 Mixing Engineer｜Pubordee Khaopaisarn 母帶後期處理製作人 Mastering Producer ｜Pubordee Khaopaisarn
EP企劃 Creative Director｜王雁苓 Annie 妝髮師 Makeup & Hair Artist | 詹凌岫 Shanyou 封面攝影 Photographer｜譚豫 封面設計 Cover Design｜黃湘仍","動態歌詞
The story comes from a little town where I grew up with my mom She works so hard to keep us strong but she always drags me down Even when it wasn’t my fault She never trusts me at all I said, “Mama, won’t you give me a chance?” and she told me never come back home Mama, please I’m going to be 24 years lady Why don’t you just set me freelike the birds in the sky I don’t like the way you talk to me Treat me like a little kid Cause you never listen to me So I make a melody Try to be on my own you still think I can’t make a call and you can’t see how much I've grown Like I am invisible Even when I'm doing just fine You wouldn’t let me have my time I said, “Mama can you leave me alone.” There’s much more I can show Mama, please I’m going to be 24years lady Why don’t you just set me free like the birds in the sky I don’t like the way you talk to me Treat me like a little kid Cause you never listen to me So I make a melody Mama, please I’m going to be 24years lady Why don’t you just set me free like the birds in the sky I don’t like the way you talk to me Treat me like a little kid Cause you never listen to me So I make a melody So I make a melody Hope you’ll like it Hope you’ll like it Hope you’ll like it You will like it 
The story comes from a little town where I grew up with my mom She works so hard to keep us strong but she always drags me down Even when it wasn’t my fault She never trusts me at all I said, “Mama, won’t you give me a chance?” and she told me never come back home Mama, please I’m going to be 24 years lady Why don’t you just set me freelike the birds in the sky I don’t like the way you talk to me Treat me like a little kid Cause you never listen to me So I make a melody Try to be on my own you still think I can’t make a call and you can’t see how much I've grown Like I am invisible Even when I'm doing just fine You wouldn’t let me have my time I said, “Mama can you leave me alone.” There’s much more I can show Mama, please I’m going to be 24years lady Why don’t you just set me free like the birds in the sky I don’t like the way you talk to me Treat me like a little kid Cause you never listen to me So I make a melody Mama, please I’m going to be 24years lady Why don’t you just set me free like the birds in the sky I don’t like the way you talk to me Treat me like a little kid Cause you never listen to me So I make a melody So I make a melody Hope you’ll like it Hope you’ll like it Hope you’ll like it You will like it
留言（ 0 ） 最相關留言 所有留言
留言（ 0 ）",2026-02-27,,True,True,
2026-03-10 21:24:26,16,,,18,1279,4,https://streetvoice.com/Kj8625/songs/847856/,https://streetvoice.com/Kj8625/,"https://akstatic.streetvoice.com/song_covers/Kj/86/Kj8625/mgYmiC8nH565i2HqGNCdGq.jpeg?x-oss-process=image/resize,m_fixed,h_1,w_1,limit_0/resize,m_fixed,h_630,w_1200,limit_0/watermark,image_c29uZ19jb3ZlcnMvS2ovODYvS2o4NjI1L21nWW1pQzhuSDU2NWkySHFHTkNkR3EuanBlZz94LW9zcy1wcm9jZXNzPWltYWdlL3Jlc2l6ZSxtX2ZpeGVkLGhfMzQ0LHdfMzQ0LGxpbWl0XzA,g_nw,x_428,y_143/watermark,image_YXNzZXQvaW1hZ2VzL21ldGFpbWFnZS1zb25nLnBuZw,g_nw,x_0,y_0",@Kj8625,音樂人,台中市,2019-01-01,,3,23,8,,,https://www.youtube.com/user/StreetVoiceTV,Pop,,,,"有時候我們都只是一廂情願 詞:方穆 曲:方穆 編曲:引號 混錄:伍柏宇 和聲:米喜 封面:魚毛 
有時候我們都只是一廂情願
詞:方穆 曲:方穆 編曲:引號 混錄:伍柏宇 和聲:米喜 封面:魚毛","喂 我們在哪裡醒來 抓不住陽光燦爛  只留下一片譁然 在沒人看見的夜晚 我們能夠坦白 顧影自憐也算是種浪漫 誰也不為誰而感慨 全都是自以為浪漫才會 被 你的脆弱破壞我的全世 界 天旋地轉  才能把一切撫慰 沈浸在自我投射美好畫面 那 怎麼辦 一切又重來  我還是只看得見你瞳孔 反射的我自己  那種身影 使我著迷 感覺寂寞的疼痛能讓我 快樂 誰和我在這 輾轉反側 為了這樣的浪漫而感慨 全都是自以為浪漫才會 被 你的脆弱破壞我的全世 界 天旋地轉  才能把一切撫慰 沈浸在自我投射美好畫面 希望時間停留在 這一天 你的眼神沒變 看著那抹笑靨 走在那ㄧ條街   把回憶都 凍結 我才不會忘了你  beautiful memories 永遠在我心頭燃燒 像是 蠟燭火 但其實我們都知道 根本沒那如果 I'm Falling Down 全都是自以為浪漫才會 被 你的脆弱破壞我的全世 界 天旋地轉  才能把一切撫慰 沈浸在自我投射美好畫面 全都是 自以為浪漫 全都是 自己的狂 歡 
喂 我們在哪裡醒來 抓不住陽光燦爛  只留下一片譁然 在沒人看見的夜晚 我們能夠坦白 顧影自憐也算是種浪漫 誰也不為誰而感慨
全都是自以為浪漫才會 被 你的脆弱破壞我的全世 界 天旋地轉  才能把一切撫慰 沈浸在自我投射美好畫面
那 怎麼辦 一切又重來  我還是只看得見你瞳孔 反射的我自己  那種身影 使我著迷 感覺寂寞的疼痛能讓我 快樂 誰和我在這 輾轉反側 為了這樣的浪漫而感慨
全都是自以為浪漫才會 被 你的脆弱破壞我的全世 界 天旋地轉  才能把一切撫慰 沈浸在自我投射美好畫面
希望時間停留在 這一天 你的眼神沒變 看著那抹笑靨 走在那ㄧ條街   把回憶都 凍結 我才不會忘了你  beautiful memories 永遠在我心頭燃燒 像是 蠟燭火 但其實我們都知道 根本沒那如果 I'm Falling Down
全都是自以為浪漫才會 被 你的脆弱破壞我的全世 界 天旋地轉  才能把一切撫慰 沈浸在自我投射美好畫面
全都是 自以為浪漫 全都是 自己的狂 歡
留言（ 4 ） 最相關留言 所有留言
留言（ 4 ）",2026-03-06,,True,False,
2026-03-10 21:24:26,17,,,7,115,0,https://streetvoice.com/SoulFaofficial/songs/848304/,https://streetvoice.com/SoulFaofficial/,"https://akstatic.streetvoice.com/music_albums/So/ul/SoulFaofficial/Cj9pRhX7xE5jUz4K9W3SYW.jpeg?x-oss-process=image/resize,m_fixed,h_1,w_1,limit_0/resize,m_fixed,h_630,w_1200,limit_0/watermark,image_bXVzaWNfYWxidW1zL1NvL3VsL1NvdWxGYW9mZmljaWFsL0NqOXBSaFg3eEU1alV6NEs5VzNTWVcuanBlZz94LW9zcy1wcm9jZXNzPWltYWdlL3Jlc2l6ZSxtX2ZpeGVkLGhfMzQ0LHdfMzQ0LGxpbWl0XzA,g_nw,x_428,y_143/watermark,image_YXNzZXQvaW1hZ2VzL21ldGFpbWFnZS1zb25nLnBuZw,g_nw,x_0,y_0",@SoulFaofficial,音樂人,新北市,2018-09-01,,6,3816,,,,https://www.youtube.com/user/StreetVoiceTV,Alternative,失望的山,https://streetvoice.com/SoulFaofficial/songs/album/97324852/,,"這座失望的山，出現在我們的人生階段，所以把它跟大家分享。如果大家在不同階段也遇見它，可以知道有人曾經很任性的不去攀爬，那麼當你這麼做的時候，就不用擔心了。 
這座失望的山，出現在我們的人生階段，所以把它跟大家分享。如果大家在不同階段也遇見它，可以知道有人曾經很任性的不去攀爬，那麼當你這麼做的時候，就不用擔心了。","這是沒有提供歌詞的歌曲
留言（ 0 ） 最相關留言 所有留言
留言（ 0 ）",2026-03-09,,True,False,
2026-03-10 21:24:26,18,,,2,115,5,https://streetvoice.com/yuanghong_93/songs/848132/,https://streetvoice.com/yuanghong_93/,"https://akstatic.streetvoice.com/song_covers/yu/an/yuanghong_93/8Pb9EjXUU49osLpHUVvWdZ.jpg?x-oss-process=image/resize,m_fixed,h_1,w_1,limit_0/resize,m_fixed,h_630,w_1200,limit_0/watermark,image_c29uZ19jb3ZlcnMveXUvYW4veXVhbmdob25nXzkzLzhQYjlFalhVVTQ5b3NMcEhVVnZXZFouanBnP3gtb3NzLXByb2Nlc3M9aW1hZ2UvcmVzaXplLG1fZml4ZWQsaF8zNDQsd18zNDQsbGltaXRfMA,g_nw,x_428,y_143/watermark,image_YXNzZXQvaW1hZ2VzL21ldGFpbWFnZS1zb25nLnBuZw,g_nw,x_0,y_0",@yuanghong_93,音樂人,,,,29,17,29,,,https://www.youtube.com/user/StreetVoiceTV,Hip hop / Rap,,,,,"【Intro｜低聲】 凌晨兩點 房間還有你的花香 燈關了 但氣味還沒散 ⸻ 【Verse 1】 你靠太近 空氣開始失重 香味在我外套 慢慢滲透 你說別太認真 只是玩玩感受 可你眼神 比誰都失控 手機震動 訊息停在視窗 你說今晚 只是普通聚會一場 可你的手 還停在我肩膀 像在暗示 別太快離場 ⸻ 【Pre-Hook】 你的味道 太危險 我知道 卻還是向前 ⸻ 🔥【Hook｜商業旋律】 你的花香 留在我身上 像一場夢 不想散場 你的花香 讓我太瘋狂 越靠近你 越不像我原本的模樣 你的花香 像慢性毒藥 越想清醒 越想擁抱 ⸻ 【Verse 2】 你說我們 最好別太投入 可你的擁抱 又太過溫度 凌晨街道 霓虹在模糊 我們的影子 貼得太緊密無助 煙霧散開 像失控的路 每一次靠近 都更難退出 如果這只是 短暫的演出 那為什麼 我還不結束 ⸻ 【Bridge｜性感旋律】 別說話 靠過來 如果這是錯 今晚也別離開 ⸻ 🔥【Final Hook】 你的花香 留在我身上 像一場火 慢慢燃燒 你的花香 讓我太著迷 越想忘記 越離不開你 你的花香 像夜裡信號 越靠近你 越無可救藥 
【Intro｜低聲】
凌晨兩點 房間還有你的花香
燈關了 但氣味還沒散
⸻
【Verse 1】
你靠太近 空氣開始失重 香味在我外套 慢慢滲透
你說別太認真 只是玩玩感受 可你眼神 比誰都失控
手機震動 訊息停在視窗 你說今晚 只是普通聚會一場
可你的手 還停在我肩膀 像在暗示 別太快離場
⸻
【Pre-Hook】
你的味道 太危險 我知道 卻還是向前
⸻
🔥【Hook｜商業旋律】
你的花香 留在我身上 像一場夢 不想散場
你的花香 讓我太瘋狂 越靠近你 越不像我原本的模樣
你的花香 像慢性毒藥 越想清醒 越想擁抱
⸻
【Verse 2】
你說我們 最好別太投入 可你的擁抱 又太過溫度
凌晨街道 霓虹在模糊 我們的影子 貼得太緊密無助
煙霧散開 像失控的路 每一次靠近 都更難退出
如果這只是 短暫的演出 那為什麼 我還不結束
⸻
【Bridge｜性感旋律】
別說話 靠過來
如果這是錯 今晚也別離開
⸻
🔥【Final Hook】
你的花香 留在我身上 像一場火 慢慢燃燒
你的花香 讓我太著迷 越想忘記 越離不開你
你的花香 像夜裡信號 越靠近你 越無可救藥
留言（ 5 ） 最相關留言 所有留言
留言（ 5 ）",2026-03-08,,False,False,
2026-03-10 21:24:26,19,,,5,39,2,https://streetvoice.com/y1inuc/songs/848340/,https://streetvoice.com/y1inuc/,"https://akstatic.streetvoice.com/song_covers/y1/in/y1inuc/G7PCWmoJPKDEjgdVQs8yD7.jpeg?x-oss-process=image/resize,m_fixed,h_1,w_1,limit_0/resize,m_fixed,h_630,w_1200,limit_0/watermark,image_c29uZ19jb3ZlcnMveTEvaW4veTFpbnVjL0c3UENXbW9KUEtERWpnZFZRczh5RDcuanBlZz94LW9zcy1wcm9jZXNzPWltYWdlL3Jlc2l6ZSxtX2ZpeGVkLGhfMzQ0LHdfMzQ0LGxpbWl0XzA,g_nw,x_428,y_143/watermark,image_YXNzZXQvaW1hZ2VzL21ldGFpbWFnZS1zb25nLnBuZw,g_nw,x_0,y_0",@y1inuc,音樂人,,,,,,,,,https://www.youtube.com/user/StreetVoiceTV,Singer / Songwriter,,,,,"那天石灘聽著浪花起伏 深談過後故事變成了歸宿 你笑起來像揉碎了的繁星 我看著海卻不敢看你的眼睛 有些話說破了就失去了安靜 我退回原點守著孤寂 我守著鋼琴彈奏著孤單 把那些逾矩裁剪得很寬 怕這份喜歡成了負擔 只在朋友界線兩端 慢慢退回了遺憾 我小心翼翼試探著溫暖 怕太過頻繁你會覺得煩 想分享生活卻又轉了彎 藏起對你的喜歡 只要看到你笑容燦爛 不敢頻繁怕你覺得厭煩 訊息刪改像在試探邊界 明明想念卻要演得很淡 你的近況我只敢遠遠瀏覽 像影子隨著你卻不敢跨越 我們隔著一層透明的遺憾 這安靜其實是一種溫暖 如果不貪婪就不會困難 怕關係會腐爛 我會藏好這份喜歡 只是朋友沒有遺憾 
那天石灘聽著浪花起伏 深談過後故事變成了歸宿 你笑起來像揉碎了的繁星 我看著海卻不敢看你的眼睛 有些話說破了就失去了安靜 我退回原點守著孤寂
我守著鋼琴彈奏著孤單 把那些逾矩裁剪得很寬 怕這份喜歡成了負擔 只在朋友界線兩端 慢慢退回了遺憾
我小心翼翼試探著溫暖 怕太過頻繁你會覺得煩 想分享生活卻又轉了彎 藏起對你的喜歡 只要看到你笑容燦爛
不敢頻繁怕你覺得厭煩 訊息刪改像在試探邊界 明明想念卻要演得很淡 你的近況我只敢遠遠瀏覽 像影子隨著你卻不敢跨越 我們隔著一層透明的遺憾
這安靜其實是一種溫暖 如果不貪婪就不會困難 怕關係會腐爛 我會藏好這份喜歡 只是朋友沒有遺憾
留言（ 2 ） 最相關留言 所有留言
留言（ 2 ）",2026-03-09,,False,False,
2026-03-10 21:24:26,20,,,4,262,3,https://streetvoice.com/badmedicine1013/songs/847866/,https://streetvoice.com/badmedicine1013/,"https://akstatic.streetvoice.com/song_covers/ba/dm/badmedicine1013/a4GnKpS9qy5BhgXKV5CCba.jpeg?x-oss-process=image/resize,m_fixed,h_1,w_1,limit_0/resize,m_fixed,h_630,w_1200,limit_0/watermark,image_c29uZ19jb3ZlcnMvYmEvZG0vYmFkbWVkaWNpbmUxMDEzL2E0R25LcFM5cXk1QmhnWEtWNUNDYmEuanBlZz94LW9zcy1wcm9jZXNzPWltYWdlL3Jlc2l6ZSxtX2ZpeGVkLGhfMzQ0LHdfMzQ0LGxpbWl0XzA,g_nw,x_428,y_143/watermark,image_YXNzZXQvaW1hZ2VzL21ldGFpbWFnZS1zb25nLnBuZw,g_nw,x_0,y_0",@badmedicine1013,音樂人,台中市,2024-12-01,,1,7,,,,https://www.youtube.com/user/StreetVoiceTV,Rock,,,,"不清楚什麼是愛、 不明白怎麼說愛、 也不知道如何被愛、 卻渴望著愛。 只要一個人明白就夠了， 希望是你。 － 詞　曲／麥爾斯 主　唱／麥爾斯 吉　他／梁右群、江長慶 貝　斯／陳倬瓚 鍵　盤／奧斯卡 爵士鼓／張人晟 混　音／麥爾斯、陳倬瓚 
不清楚什麼是愛、 不明白怎麼說愛、 也不知道如何被愛、 卻渴望著愛。
只要一個人明白就夠了， 希望是你。
－
詞　曲／麥爾斯 主　唱／麥爾斯 吉　他／梁右群、江長慶 貝　斯／陳倬瓚 鍵　盤／奧斯卡 爵士鼓／張人晟 混　音／麥爾斯、陳倬瓚","動態歌詞
詞　曲／麥爾斯 主　唱／麥爾斯 吉　他／梁右群、江長慶 貝　斯／陳倬瓚 鍵　盤／奧斯卡 爵士鼓／張人晟 混　音／麥爾斯、陳倬瓚 －求愛若渴 －壞梅森 試著　　不要 看見你的臉 試著　不要 聽見你的聲音 我們都是由 過去構築了今天 追逐著美好 再一次次地讓它溜走 事過境遷 我才意識到你一直都 比我還要明白 明白 明白我從未改變 求愛　若渴 想要你的愛 當桑田已成滄海 破鏡又怎麼重來 非妳　不可 卻只能背著你呼喊 一刀把心臟劃開 這次讓你看明白 這次　不要 想起你的反應 接著　習慣 另一種　慣性 就是沒有你 就算我也是 由過去構築了今天 但你的頭髮 已不會再遺落在角落 事過境遷 我知道你總是比我要明白 明白那愛會改變 求愛　若渴 想要你的愛 但桑田已成滄海 破鏡又怎麼重來 非妳　不可 卻只能背著你呼喊 一刀把心臟劃開 這次讓你看明白 也許我　也許我 是永恆飢餓的野獸 只能夠　只能夠 在愛的渴望裡苟活 （Guitar Solo） 求愛　若渴 求愛　若渴 想要妳的愛 但桑田已成滄海 破鏡又怎麼重來 非你　不可 一刀把心臟劃開 這次讓你看明白 
詞　曲／麥爾斯 主　唱／麥爾斯 吉　他／梁右群、江長慶 貝　斯／陳倬瓚 鍵　盤／奧斯卡 爵士鼓／張人晟 混　音／麥爾斯、陳倬瓚
－求愛若渴 －壞梅森
試著　　不要 看見你的臉
試著　不要 聽見你的聲音
我們都是由 過去構築了今天 追逐著美好 再一次次地讓它溜走 事過境遷 我才意識到你一直都 比我還要明白
明白 明白我從未改變
求愛　若渴 想要你的愛 當桑田已成滄海 破鏡又怎麼重來
非妳　不可 卻只能背著你呼喊 一刀把心臟劃開 這次讓你看明白
這次　不要 想起你的反應 接著　習慣 另一種　慣性
就是沒有你
就算我也是 由過去構築了今天 但你的頭髮 已不會再遺落在角落 事過境遷 我知道你總是比我要明白
明白那愛會改變
求愛　若渴 想要你的愛 但桑田已成滄海 破鏡又怎麼重來
非妳　不可 卻只能背著你呼喊 一刀把心臟劃開 這次讓你看明白
也許我　也許我 是永恆飢餓的野獸 只能夠　只能夠 在愛的渴望裡苟活
（Guitar Solo）
求愛　若渴
求愛　若渴 想要妳的愛 但桑田已成滄海 破鏡又怎麼重來
非你　不可
一刀把心臟劃開 這次讓你看明白
留言（ 3 ） 最相關留言 所有留言
留言（ 3 ）",2026-03-05,,False,False,
2026-03-10 21:24:26,21,,,31,14822,39,https://streetvoice.com/margaretinthebox/songs/845256/,https://streetvoice.com/margaretinthebox/,"https://akstatic.streetvoice.com/song_covers/ma/rg/margaretinthebox/XJhWY3TqdNviM9a8TKsWJn.jpeg?x-oss-process=image/resize,m_fixed,h_1,w_1,limit_0/resize,m_fixed,h_630,w_1200,limit_0/watermark,image_c29uZ19jb3ZlcnMvbWEvcmcvbWFyZ2FyZXRpbnRoZWJveC9YSmhXWTNUcWROdmlNOWE4VEtzV0puLmpwZWc_eC1vc3MtcHJvY2Vzcz1pbWFnZS9yZXNpemUsbV9maXhlZCxoXzM0NCx3XzM0NCxsaW1pdF8w,g_nw,x_428,y_143/watermark,image_YXNzZXQvaW1hZ2VzL21ldGFpbWFnZS1zb25nLnBuZw,g_nw,x_0,y_0",@margaretinthebox,音樂人,,,2024-12-25 17:12,2,601,1,https://www.facebook.com/profile.php?id=100085197037580,https://www.instagram.com/margaret_inthebox,https://www.youtube.com/channel/UCbh7KHPMgYGgpISdbF6l0Kw,Pop,,,,"MV： https://youtu.be/WwduRhc_PZE 全平台數位發行： https://bfan.link/margaretnorth004 ⚝✦⚝✦⚝✦⚝✦⚝✦⚝✦⚝✦⚝✦⚝✦⚝✦⚝ 送給竭盡全力， 仍試圖與這世界和解的， 每一個你。 約定好了， 我們，明天見。 ⚝✦⚝✦⚝✦⚝✦⚝✦⚝✦⚝✦⚝✦⚝✦⚝✦⚝ 《Pray》音樂製作Credit 製作人 Producer｜盧鈞右 Neon Lu 配唱製作人 Vocal Producer｜森森鈴蘭 Lily Linglan 編曲 Arranger｜盧鈞右 Neon Lu 主唱 Vocal｜瑪格麗特 · 諾爾絲 Margaret North 和聲編寫 Backing Vocals Arranger｜森森鈴蘭 Lily Linglan 和聲演唱 Backing Vocals｜森森鈴蘭 Lily Linglan 弦樂編寫 String Arrangment｜盧鈞右 Neon Lu 人聲錄音室 Recording Studio｜烘嗓音樂製作 Home Sound Studio 錄音工程師 Recording Engineer｜鍾承沂 Zhong Cheng Yi 混音工程師 Mixing Engineer｜李小天 TeddyRsLi 母帶預約經理 Mastering Booking Manager｜Akemi Gotoh @Sony Music Studios Tokyo 母帶後期處理工程師 Mastering｜Yuji Chinone @Sony Music Studios Tokyo 母帶後期處理錄音室 Mastering Studio｜Sony Music Studios Tokyo 製作統籌 Executive Producer｜李小天 TeddyRsLi、菜菜 YongNi 企宣統籌 Marketing Promotion Supervisor｜李小天 TeddyRsLi、花花 MuShi 企劃統籌 Marketing Supervisor｜李小天 TeddyRsLi、菜菜 YongNi、蘇伊 Sui、花花 MuShi 美術設計 Album Design｜遊醬 Yujiang 動畫設計 Animation｜遊醬 Yujiang 影像製作 Motion Design｜千層雪球 Snowwwball 製作公司 Production｜箱箱 The Box、烘嗓音樂製作 Home Sound Studio ⚝✦⚝✦⚝✦⚝✦⚝✦⚝✦⚝✦⚝✦⚝✦⚝✦⚝ 
MV： https://youtu.be/WwduRhc_PZE
https://youtu.be/WwduRhc_PZE
全平台數位發行： https://bfan.link/margaretnorth004
https://bfan.link/margaretnorth004
⚝✦⚝✦⚝✦⚝✦⚝✦⚝✦⚝✦⚝✦⚝✦⚝✦⚝
送給竭盡全力， 仍試圖與這世界和解的， 每一個你。
約定好了， 我們，明天見。
⚝✦⚝✦⚝✦⚝✦⚝✦⚝✦⚝✦⚝✦⚝✦⚝✦⚝
《Pray》音樂製作Credit
製作人 Producer｜盧鈞右 Neon Lu 配唱製作人 Vocal Producer｜森森鈴蘭 Lily Linglan 編曲 Arranger｜盧鈞右 Neon Lu
主唱 Vocal｜瑪格麗特 · 諾爾絲 Margaret North
和聲編寫 Backing Vocals Arranger｜森森鈴蘭 Lily Linglan 和聲演唱 Backing Vocals｜森森鈴蘭 Lily Linglan
弦樂編寫 String Arrangment｜盧鈞右 Neon Lu
人聲錄音室 Recording Studio｜烘嗓音樂製作 Home Sound Studio 錄音工程師 Recording Engineer｜鍾承沂 Zhong Cheng Yi 混音工程師 Mixing Engineer｜李小天 TeddyRsLi 母帶預約經理 Mastering Booking Manager｜Akemi Gotoh @Sony Music Studios Tokyo 母帶後期處理工程師 Mastering｜Yuji Chinone @Sony Music Studios Tokyo 母帶後期處理錄音室 Mastering Studio｜Sony Music Studios Tokyo
製作統籌 Executive Producer｜李小天 TeddyRsLi、菜菜 YongNi 企宣統籌 Marketing Promotion Supervisor｜李小天 TeddyRsLi、花花 MuShi 企劃統籌 Marketing Supervisor｜李小天 TeddyRsLi、菜菜 YongNi、蘇伊 Sui、花花 MuShi 美術設計 Album Design｜遊醬 Yujiang 動畫設計 Animation｜遊醬 Yujiang 影像製作 Motion Design｜千層雪球 Snowwwball
製作公司 Production｜箱箱 The Box、烘嗓音樂製作 Home Sound Studio
⚝✦⚝✦⚝✦⚝✦⚝✦⚝✦⚝✦⚝✦⚝✦⚝✦⚝","《Pray》 作詞：瑪格麗特 · 諾爾絲 作曲：盧鈞右、瑪格麗特 · 諾爾絲、森森鈴蘭、李小天 歌詞 低著頭 走過 書包壓彎的肩 裝滿了沉默 沒人看見 你眼中 求救 閃爍 把 靈魂 禁錮在了日記之間 用文字遮蓋冷漠的視線 我能看見 在噩夢裡逐漸迷失的你 想逃離世界的身影 你說沒有明天 想擁抱離別 我說生命太淺 結局前能再加上一勺熱烈 淚不用收斂 留一點 痛也值得紀念 被遺忘的勇氣交還給你 約定好了 明天要再見 你 哭泣 眼角落下每顆星星 牽引著我每個呼吸 我能看清 陰影裡閃爍的每個痕跡 是你沒放棄的證明 你說沒有明天 想擁抱離別 我說生命太淺 結局前能再加上一勺信念 淚不用收斂 留一點 痛也值得紀念 被遺忘的勇氣交還給你 明天還要再見 你說沒有明天(I pray) 想擁抱離別(I pray) 我說生命太淺(I pray) 結局前能再加上一勺祈願 淚不用收斂 (I pray) 留一點 (I pray) 痛也值得紀念 (I pray) 被遺忘的勇氣交還給你 約定好了 明天要再見 
《Pray》
作詞：瑪格麗特 · 諾爾絲 作曲：盧鈞右、瑪格麗特 · 諾爾絲、森森鈴蘭、李小天
歌詞
低著頭 走過 書包壓彎的肩 裝滿了沉默 沒人看見 你眼中 求救 閃爍
把 靈魂 禁錮在了日記之間 用文字遮蓋冷漠的視線 我能看見 在噩夢裡逐漸迷失的你 想逃離世界的身影
你說沒有明天 想擁抱離別 我說生命太淺 結局前能再加上一勺熱烈 淚不用收斂 留一點 痛也值得紀念 被遺忘的勇氣交還給你 約定好了 明天要再見
你 哭泣 眼角落下每顆星星 牽引著我每個呼吸 我能看清 陰影裡閃爍的每個痕跡 是你沒放棄的證明
你說沒有明天 想擁抱離別 我說生命太淺 結局前能再加上一勺信念 淚不用收斂 留一點 痛也值得紀念 被遺忘的勇氣交還給你 明天還要再見
你說沒有明天(I pray) 想擁抱離別(I pray) 我說生命太淺(I pray) 結局前能再加上一勺祈願 淚不用收斂 (I pray) 留一點 (I pray) 痛也值得紀念 (I pray) 被遺忘的勇氣交還給你 約定好了 明天要再見
留言（ 39 ） 最相關留言 所有留言
留言（ 39 ）",2026-02-16,,True,False,
2026-03-10 21:24:26,22,,,24,1122,8,https://streetvoice.com/karta3355124/songs/847736/,https://streetvoice.com/karta3355124/,"https://akstatic.streetvoice.com/song_covers/ka/rt/karta3355124/MddwTjGuo6r7ra3z9u8h7p.jpeg?x-oss-process=image/resize,m_fixed,h_1,w_1,limit_0/resize,m_fixed,h_630,w_1200,limit_0/watermark,image_c29uZ19jb3ZlcnMva2EvcnQva2FydGEzMzU1MTI0L01kZHdUakd1bzZyN3JhM3o5dThoN3AuanBlZz94LW9zcy1wcm9jZXNzPWltYWdlL3Jlc2l6ZSxtX2ZpeGVkLGhfMzQ0LHdfMzQ0LGxpbWl0XzA,g_nw,x_428,y_143/watermark,image_YXNzZXQvaW1hZ2VzL21ldGFpbWFnZS1zb25nLnBuZw,g_nw,x_0,y_0",@karta3355124,音樂人,台北市,2019-05-01,2024-12-11 16:48,1,39,3,,https://www.instagram.com/vacancy._.official/,https://www.youtube.com/@WindowKong,Alternative,,,,"《留心，流星》｜離別（3/3） 「不說再見，因為我們還會再相遇」 回顧過去一起相處的點滴，從初遇到熟稔，這樣的緣份得來不易，無論身在何處，我們彼此都會惦記著這些美好！ —————————————————— 這首歌，想送給我們的朋友。 因為她無私的付出，成就了空窗期截至目前為止的所有作品，沒有她就沒有各位聽到的我們，所以謝謝妳，心柔！ （所以我們偷偷的把她放在歌裡… ［音樂製作］ 曲｜李彥辰 詞｜李彥辰、曹濟、戴偉倫 主唱｜戴偉倫、曹濟 吉他手｜李彥辰 製作人｜劉心柔 編曲｜李彥辰、劉心柔 錄音｜劉心柔 混音｜劉心柔 和聲｜曹濟、戴偉倫 ［視覺設計］ 封面設計｜楊筑而 
《留心，流星》｜離別（3/3）
「不說再見，因為我們還會再相遇」 回顧過去一起相處的點滴，從初遇到熟稔，這樣的緣份得來不易，無論身在何處，我們彼此都會惦記著這些美好！ —————————————————— 這首歌，想送給我們的朋友。 因為她無私的付出，成就了空窗期截至目前為止的所有作品，沒有她就沒有各位聽到的我們，所以謝謝妳，心柔！ （所以我們偷偷的把她放在歌裡…
［音樂製作］ 曲｜李彥辰 詞｜李彥辰、曹濟、戴偉倫
主唱｜戴偉倫、曹濟 吉他手｜李彥辰
製作人｜劉心柔 編曲｜李彥辰、劉心柔 錄音｜劉心柔 混音｜劉心柔
和聲｜曹濟、戴偉倫
［視覺設計］ 封面設計｜楊筑而","動態歌詞
你說夢想就在遠方 像飛鳥自在的翱翔 笑聲伴著蟲鳴 青春沒有規則可循 此時此刻的我們 躺在草地數星星 一樣的地點 我說要不要去流浪 幽默陪伴你的迷惘 是否我們之間 勝過所有時間改變 無論往前或後退 一切都沒有絕對 不一樣的情緒 又是一樣的人 一樣的地點 不一樣的情緒 又是一樣的人 一樣的地點 不一樣的情緒 你就像那一顆流星 柔弱中帶著堅毅 帶著笑聲 往廣闊的世界去旅行 我們舉杯告別過去 把祝福藏進風裡 不說再見 因為我 我們還會再相遇 我說回憶藏在心房 你說我像念舊的大人 淚滴搭著笑容 故作堅強地說 此行不必太過感傷 收起惆悵 會是不同的人 不同的地點 或許雷同的情緒 會是不同的人 不同的地點 或許雷同的情緒 你就像那一顆流星 柔弱中帶著堅毅 帶著笑聲 往廣闊的世界去旅行 我們舉杯告別過去 把祝福藏進風裡 不說再見 因為我 我們還會再相遇 留意天上的星星 是邁向未來的指引 劃破雲層的軌跡 訂下重逢的日期 
你說夢想就在遠方 像飛鳥自在的翱翔 笑聲伴著蟲鳴 青春沒有規則可循 此時此刻的我們 躺在草地數星星 一樣的地點 我說要不要去流浪 幽默陪伴你的迷惘 是否我們之間 勝過所有時間改變 無論往前或後退 一切都沒有絕對 不一樣的情緒 又是一樣的人 一樣的地點 不一樣的情緒 又是一樣的人 一樣的地點 不一樣的情緒 你就像那一顆流星 柔弱中帶著堅毅 帶著笑聲 往廣闊的世界去旅行 我們舉杯告別過去 把祝福藏進風裡 不說再見 因為我 我們還會再相遇 我說回憶藏在心房 你說我像念舊的大人 淚滴搭著笑容 故作堅強地說 此行不必太過感傷 收起惆悵 會是不同的人 不同的地點 或許雷同的情緒 會是不同的人 不同的地點 或許雷同的情緒 你就像那一顆流星 柔弱中帶著堅毅 帶著笑聲 往廣闊的世界去旅行 我們舉杯告別過去 把祝福藏進風裡 不說再見 因為我 我們還會再相遇 留意天上的星星 是邁向未來的指引 劃破雲層的軌跡 訂下重逢的日期
留言（ 8 ） 最相關留言 所有留言
留言（ 8 ）",2026-03-04,,False,False,
2026-03-10 21:24:26,23,,,1,70,2,https://streetvoice.com/stevenchan1022/songs/848191/,https://streetvoice.com/stevenchan1022/,"https://akstatic.streetvoice.com/profile_images/st/ev/stevenchan1022/B9ob4et8nNRFK8ygoiJ7WC.jpg?x-oss-process=image/resize,m_fixed,h_1,w_1,limit_0/resize,m_fixed,h_630,w_1200,limit_0/watermark,image_cHJvZmlsZV9pbWFnZXMvc3QvZXYvc3RldmVuY2hhbjEwMjIvQjlvYjRldDhuTlJGSzh5Z29pSjdXQy5qcGc_eC1vc3MtcHJvY2Vzcz1pbWFnZS9yZXNpemUsbV9maXhlZCxoXzM0NCx3XzM0NCxsaW1pdF8w,g_nw,x_428,y_143/watermark,image_YXNzZXQvaW1hZ2VzL21ldGFpbWFnZS1zb25nLnBuZw,g_nw,x_0,y_0",@stevenchan1022,音樂人,新北市,2013-05-01,,6,10,3,,,https://www.youtube.com/user/StreetVoiceTV,R&B / Soul,,,,,"這是沒有提供歌詞的歌曲
留言（ 2 ） 最相關留言 所有留言
留言（ 2 ）",2026-03-08,,False,False,
2026-03-10 21:24:26,24,,,7,220,0,https://streetvoice.com/deanwangmusic/songs/847925/,https://streetvoice.com/deanwangmusic/,"https://akstatic.streetvoice.com/music_albums/de/an/deanwangmusic/74yupXk96AdaRQiJyj67gt.jpeg?x-oss-process=image/resize,m_fixed,h_1,w_1,limit_0/resize,m_fixed,h_630,w_1200,limit_0/watermark,image_bXVzaWNfYWxidW1zL2RlL2FuL2RlYW53YW5nbXVzaWMvNzR5dXBYazk2QWRhUlFpSnlqNjdndC5qcGVnP3gtb3NzLXByb2Nlc3M9aW1hZ2UvcmVzaXplLG1fZml4ZWQsaF8zNDQsd18zNDQsbGltaXRfMA,g_nw,x_428,y_143/watermark,image_YXNzZXQvaW1hZ2VzL21ldGFpbWFnZS1zb25nLnBuZw,g_nw,x_0,y_0",@deanwangmusic,音樂人,,,2023-06-07 18:26,7,146,,https://www.facebook.com/deanwangmusic?mibextid=LQQJ4d,https://instagram.com/deanwangmusic,https://youtube.com/@deanwangmusic,R&B / Soul,Airplane Mode,https://streetvoice.com/deanwangmusic/songs/album/97324832/,,,"睜開眼只要一秒鐘 眼淚還是不停的流 誰告訴我該怎麼做 遠離這寂寞 生活總是起起落落 日子還是得繼續過 想像你還在我身邊 從沒離開過 我想和你創造的未來 太多阻礙 我想和你穿越那片海 的依賴 我想和你飛 這你都明白 但我想和你創造的未來 要多久才來 別說給不起的承諾 那傷害只會比較多 別說你也在想著我 只會更寂寞 從不想讓你失落 Maybe it was just the wrong place Wrong time Maybe another day another life Right now I just wanna know If you’re doing alright 我想和你創造的未來 太多阻礙 我想和你穿越那片海 的依賴 我想和你飛 這你都明白 但我想和你創造的未來 要多久才來 我想和你創造的未來 太多阻礙 我想和你穿越那片海 的依賴 我想和你飛 只想和你飛 謝謝你陪我走過一段 雖然我還想要再和你 飛過當年飛過遺憾 但後來也不敢再提起 提不起勁去確認 想不通該怎麼平復 想不通 看著地圖的我們怎麼會迷路 一步錯步步錯 是福是禍 在結束後才後悔 變與不變 沒痛過誰知道什麼是重點 現在等你 又近又遠 傷害又深又淺 相愛了多久 作繭自縛 再看一眼已若有似無 多久要多久才來 多久要多久才回來 多久要多久才來 多久要多久才來 多久要多久才回來 多久要多久才來 
睜開眼只要一秒鐘 眼淚還是不停的流 誰告訴我該怎麼做 遠離這寂寞
生活總是起起落落 日子還是得繼續過 想像你還在我身邊 從沒離開過
我想和你創造的未來 太多阻礙 我想和你穿越那片海 的依賴 我想和你飛 這你都明白 但我想和你創造的未來 要多久才來
別說給不起的承諾 那傷害只會比較多 別說你也在想著我 只會更寂寞
從不想讓你失落 Maybe it was just the wrong place Wrong time Maybe another day another life Right now I just wanna know If you’re doing alright
我想和你創造的未來 太多阻礙 我想和你穿越那片海 的依賴 我想和你飛 這你都明白 但我想和你創造的未來 要多久才來
我想和你創造的未來 太多阻礙 我想和你穿越那片海 的依賴 我想和你飛 只想和你飛
謝謝你陪我走過一段 雖然我還想要再和你 飛過當年飛過遺憾 但後來也不敢再提起
提不起勁去確認 想不通該怎麼平復 想不通 看著地圖的我們怎麼會迷路 一步錯步步錯 是福是禍 在結束後才後悔 變與不變 沒痛過誰知道什麼是重點
現在等你 又近又遠 傷害又深又淺 相愛了多久 作繭自縛 再看一眼已若有似無
多久要多久才來 多久要多久才回來 多久要多久才來
多久要多久才來 多久要多久才回來 多久要多久才來
留言（ 0 ） 最相關留言 所有留言
留言（ 0 ）",2026-03-06,,True,False,
2026-03-10 21:24:26,25,,,9,490,1,https://streetvoice.com/Engmo/songs/847983/,https://streetvoice.com/Engmo/,"https://akstatic.streetvoice.com/song_covers/En/gm/Engmo/exULiH6Aaxc7bb4MxSuNFE.jpg?x-oss-process=image/resize,m_fixed,h_1,w_1,limit_0/resize,m_fixed,h_630,w_1200,limit_0/watermark,image_c29uZ19jb3ZlcnMvRW4vZ20vRW5nbW8vZXhVTGlINkFheGM3YmI0TXhTdU5GRS5qcGc_eC1vc3MtcHJvY2Vzcz1pbWFnZS9yZXNpemUsbV9maXhlZCxoXzM0NCx3XzM0NCxsaW1pdF8w,g_nw,x_428,y_143/watermark,image_YXNzZXQvaW1hZ2VzL21ldGFpbWFnZS1zb25nLnBuZw,g_nw,x_0,y_0",@Engmo,音樂人,台灣,2021-08-01,,,1,,,,https://www.youtube.com/user/StreetVoiceTV,Hip hop / Rap,,,,"帶著一手啤酒去海邊小酌一次ㄌㄟ🍻+🏝️=🥴 Eng’mo & Kasang（追風少女FALI） – 出來了太陽 特別感謝 Arranger | PUZZLEMEN Recording & Mixing | 郭奕Evans Ku、 參貳壹捌音樂工作室 3218 Music Label 創作者 Composer | Eng’mo Lyricist | Eng’mo Vocals | Eng’mo & Kasang indigenous / chill / hip hop / folk 
帶著一手啤酒去海邊小酌一次ㄌㄟ🍻+🏝️=🥴
Eng’mo & Kasang（追風少女FALI） – 出來了太陽
特別感謝 Arranger | PUZZLEMEN Recording & Mixing | 郭奕Evans Ku、 參貳壹捌音樂工作室 3218 Music Label
創作者 Composer | Eng’mo Lyricist | Eng’mo Vocals | Eng’mo & Kasang
indigenous / chill / hip hop / folk","Masadak to ko cidal 太陽出來了 Fangcal ko romiad anini 今天是好天氣 Malacafay kita tayra i pasawalian a riyar 我們一起走向東海岸的沙灘， Micelemay kita i riyar pingsiyang no a’mis 一起潛入海洋潛入阿美族的冰箱 O fali~風來了 Itini 在這裡；此時此刻 Cooking the vibe ,Flying to the sky 炒熟的氛圍，帶我飛向天空 mato romakatay i fafae’ no kakarayan 感覺好像在月亮上飄啊飄 Cooking the vibe ,O fali no riyar 炒熟的氣氛，隨海風而來 Masadak to ko cidal 太陽出來了 Fangcal ko romiad anini 今天是好天氣 Malacafay kita tayra i pasawalian a riyar 我們一起走向東海岸的沙灘， Micelemay kita i riyar pingsiyang no a’mis 一起潛入海洋潛入阿美族的冰箱 O fali~風來了 
Masadak to ko cidal 太陽出來了 Fangcal ko romiad anini 今天是好天氣
Malacafay kita tayra i pasawalian a riyar 我們一起走向東海岸的沙灘， Micelemay kita i riyar pingsiyang no a’mis 一起潛入海洋潛入阿美族的冰箱
O fali~風來了 Itini 在這裡；此時此刻
Cooking the vibe ,Flying to the sky 炒熟的氛圍，帶我飛向天空 mato romakatay i fafae’ no kakarayan 感覺好像在月亮上飄啊飄 Cooking the vibe ,O fali no riyar 炒熟的氣氛，隨海風而來
Masadak to ko cidal 太陽出來了 Fangcal ko romiad anini 今天是好天氣
Malacafay kita tayra i pasawalian a riyar 我們一起走向東海岸的沙灘， Micelemay kita i riyar pingsiyang no a’mis 一起潛入海洋潛入阿美族的冰箱
O fali~風來了
留言（ 1 ） 最相關留言 所有留言
留言（ 1 ）",2026-03-06,,True,False,
2026-03-10 21:24:26,26,,,11,374,1,https://streetvoice.com/deanwangmusic/songs/847928/,https://streetvoice.com/deanwangmusic/,"https://akstatic.streetvoice.com/music_albums/de/an/deanwangmusic/74yupXk96AdaRQiJyj67gt.jpeg?x-oss-process=image/resize,m_fixed,h_1,w_1,limit_0/resize,m_fixed,h_630,w_1200,limit_0/watermark,image_bXVzaWNfYWxidW1zL2RlL2FuL2RlYW53YW5nbXVzaWMvNzR5dXBYazk2QWRhUlFpSnlqNjdndC5qcGVnP3gtb3NzLXByb2Nlc3M9aW1hZ2UvcmVzaXplLG1fZml4ZWQsaF8zNDQsd18zNDQsbGltaXRfMA,g_nw,x_428,y_143/watermark,image_YXNzZXQvaW1hZ2VzL21ldGFpbWFnZS1zb25nLnBuZw,g_nw,x_0,y_0",@deanwangmusic,音樂人,,,2023-06-07 18:26,5,102,,https://www.facebook.com/deanwangmusic?mibextid=LQQJ4d,https://instagram.com/deanwangmusic,https://youtube.com/@deanwangmusic,Pop,Airplane Mode,https://streetvoice.com/deanwangmusic/songs/album/97324832/,,,"總是困在想像裡面 多希望再靠近一點 一回過神來 你已經不在 就這樣讓寂寞超載 I’ve been dreaming about you tonight 要我多直白 你才會問我要不要留下來 總逗留在灰色地帶 繼續狀況外 要把你淘汰 不想愛的這樣當代 I’ve been dreaming about you tonight 世界轉的太快 (Don’t wake me up) 距離要被拉開 (Don’t wake me up) 我們卻還在這裡故作姿態 還看不明白 (Don’t wake me up) 掉落的空拍  (Don’t wake me up) 透露太多期待才壞了安排 全都是因為愛 模糊的狀態 瞇著眼睛卻只能看個大概 而我還在這裡徘徊 別再讓我猜 又或許不該 把關係定義的太窄 I’ve been dreaming about you tonight 世界轉的太快 (Don’t wake me up) 距離要被拉開 (Don’t wake me up) 我們卻還在這裡故作姿態 還看不明白 (Don’t wake me up) 掉落的空拍  (Don’t wake me up) 透露太多期待才壞了安排 全都是因為愛 I’ve been dreaming all night Can I see you tonight Oh I’ve been dreaming I’ve been dreaming about you tonight I’ve been dreaming all night Can I see you tonight ‘Cause I’ve been dreaming I’ve been dreaming about you tonight 
總是困在想像裡面 多希望再靠近一點 一回過神來 你已經不在 就這樣讓寂寞超載 I’ve been dreaming about you tonight
要我多直白 你才會問我要不要留下來 總逗留在灰色地帶 繼續狀況外 要把你淘汰 不想愛的這樣當代 I’ve been dreaming about you tonight
世界轉的太快 (Don’t wake me up) 距離要被拉開 (Don’t wake me up) 我們卻還在這裡故作姿態
還看不明白 (Don’t wake me up) 掉落的空拍  (Don’t wake me up) 透露太多期待才壞了安排 全都是因為愛
模糊的狀態 瞇著眼睛卻只能看個大概 而我還在這裡徘徊 別再讓我猜 又或許不該 把關係定義的太窄 I’ve been dreaming about you tonight
世界轉的太快 (Don’t wake me up) 距離要被拉開 (Don’t wake me up) 我們卻還在這裡故作姿態
還看不明白 (Don’t wake me up) 掉落的空拍  (Don’t wake me up) 透露太多期待才壞了安排 全都是因為愛
I’ve been dreaming all night Can I see you tonight Oh I’ve been dreaming I’ve been dreaming about you tonight
I’ve been dreaming all night Can I see you tonight ‘Cause I’ve been dreaming I’ve been dreaming about you tonight
留言（ 1 ） 最相關留言 所有留言
留言（ 1 ）",2026-03-06,,True,False,
2026-03-10 21:24:26,27,,,5,2014,1,https://streetvoice.com/Tweky_Stylish/songs/848069/,https://streetvoice.com/Tweky_Stylish/,"https://akstatic.streetvoice.com/song_covers/Tw/ek/Tweky_Stylish/FZTPFCFpzARNGUahivVvUb.jpeg?x-oss-process=image/resize,m_fixed,h_1,w_1,limit_0/resize,m_fixed,h_630,w_1200,limit_0/watermark,image_c29uZ19jb3ZlcnMvVHcvZWsvVHdla3lfU3R5bGlzaC9GWlRQRkNGcHpBUk5HVWFoaXZWdlViLmpwZWc_eC1vc3MtcHJvY2Vzcz1pbWFnZS9yZXNpemUsbV9maXhlZCxoXzM0NCx3XzM0NCxsaW1pdF8w,g_nw,x_428,y_143/watermark,image_YXNzZXQvaW1hZ2VzL21ldGFpbWFnZS1zb25nLnBuZw,g_nw,x_0,y_0",,,,,,2,1,,,,https://www.youtube.com/user/StreetVoiceTV,Hip hop / Rap,Demo,https://streetvoice.com/Tweky_Stylish/songs/album/97324634/,,,"(A~That's the last goodbye with you 在思念也無法再見 只能守著你的餘溫 這離別是最後通牒) 經過這回憶的街口 那是我最後的道別 沈默在空氣裡蔓延 愛被時間拉長撕裂 愛被時間拉長撕裂 You don't know how deep I falling to you 像是場無盡的旅行 再思念也無法再見 只能守著你的餘溫 這離別是最後通牒 反覆刷新的reels耖 再也看不到關於你的動態 我們曾到過的地方 現在只剩我在守  候 ho ho You don't know how deep I falling to you 像是場無盡的旅行 再思念也無法再見 只能守著你的餘溫 這離別是最後通牒 是斷裂的琴弦 是無法折返的航班 看著你的輪廓逐漸化作漫天飛舞的碎片 悖入時間的洪流 You don't know how deep I falling to you (falling to you) 像是場無盡的旅行 再思念也無法再見 只能守著你的餘溫 這離別是最後通牒 
(A~That's the last goodbye with you 在思念也無法再見 只能守著你的餘溫 這離別是最後通牒)
經過這回憶的街口 那是我最後的道別 沈默在空氣裡蔓延 愛被時間拉長撕裂 愛被時間拉長撕裂
You don't know how deep I falling to you 像是場無盡的旅行 再思念也無法再見 只能守著你的餘溫 這離別是最後通牒
反覆刷新的reels耖 再也看不到關於你的動態 我們曾到過的地方 現在只剩我在守  候 ho ho
You don't know how deep I falling to you 像是場無盡的旅行 再思念也無法再見 只能守著你的餘溫 這離別是最後通牒
是斷裂的琴弦 是無法折返的航班 看著你的輪廓逐漸化作漫天飛舞的碎片 悖入時間的洪流
You don't know how deep I falling to you (falling to you) 像是場無盡的旅行 再思念也無法再見 只能守著你的餘溫 這離別是最後通牒
留言（ 1 ） 最相關留言 所有留言
留言（ 1 ）",2026-03-07,,False,False,
2026-03-10 21:24:26,28,,,1,9,0,https://streetvoice.com/SoulFaofficial/songs/848305/,https://streetvoice.com/SoulFaofficial/,"https://akstatic.streetvoice.com/song_covers/So/ul/SoulFaofficial/HFZD5nRNvYQCGQuC3su8dq.jpeg?x-oss-process=image/resize,m_fixed,h_1,w_1,limit_0/resize,m_fixed,h_630,w_1200,limit_0/watermark,image_c29uZ19jb3ZlcnMvU28vdWwvU291bEZhb2ZmaWNpYWwvSEZaRDVuUk52WVFDR1F1QzNzdThkcS5qcGVnP3gtb3NzLXByb2Nlc3M9aW1hZ2UvcmVzaXplLG1fZml4ZWQsaF8zNDQsd18zNDQsbGltaXRfMA,g_nw,x_428,y_143/watermark,image_YXNzZXQvaW1hZ2VzL21ldGFpbWFnZS1zb25nLnBuZw,g_nw,x_0,y_0",@SoulFaofficial,音樂人,新北市,2018-09-01,,5,3249,,,,https://www.youtube.com/user/StreetVoiceTV,Alternative,失望的山,https://streetvoice.com/SoulFaofficial/songs/album/97324852/,,"一直以來都不太習慣表達自己，所以都回家自己消化情緒，發現是從小在學校培養了這個不麻煩別人的觀念，困擾著我。這首歌是練習把內耗換成外耗的過程。 
一直以來都不太習慣表達自己，所以都回家自己消化情緒，發現是從小在學校培養了這個不麻煩別人的觀念，困擾著我。這首歌是練習把內耗換成外耗的過程。","這是沒有提供歌詞的歌曲
留言（ 0 ） 最相關留言 所有留言
留言（ 0 ）",2026-03-09,,True,False,
2026-03-10 21:24:26,29,,,2,44,0,https://streetvoice.com/bernie9831/songs/848035/,https://streetvoice.com/bernie9831/,"https://akstatic.streetvoice.com/song_covers/be/rn/bernie9831/88sKi32iPUUa9ia64ic26H.jpg?x-oss-process=image/resize,m_fixed,h_1,w_1,limit_0/resize,m_fixed,h_630,w_1200,limit_0/watermark,image_c29uZ19jb3ZlcnMvYmUvcm4vYmVybmllOTgzMS84OHNLaTMyaVBVVWE5aWE2NGljMjZILmpwZz94LW9zcy1wcm9jZXNzPWltYWdlL3Jlc2l6ZSxtX2ZpeGVkLGhfMzQ0LHdfMzQ0LGxpbWl0XzA,g_nw,x_428,y_143/watermark,image_YXNzZXQvaW1hZ2VzL21ldGFpbWFnZS1zb25nLnBuZw,g_nw,x_0,y_0",@bernie9831,音樂人,,,,1,8,13,,,https://www.youtube.com/user/StreetVoiceTV,Hip hop / Rap,,,556LZH,,"受夠了我不會再愛 我都走了你怎麼才回來 沒有看到我send 你的line 最後才發現你殘骸 受夠了我不會再愛 我都走了你怎麼才回來 沒有看到我send 你的line 最後才發現你殘骸 也許是累了 放下了許多 每天一包不停不停抽 走我的心中 也不差你一個在等候 最後的寂寞留給包包裡剩下的七星roll 不知道我不知道 我還有多少命可以做 若即若離 想想就唾棄 說了因為但是沒有所以 就算偷走了上衣 但你還是在我心裡 get the ez go to czy 林杯OD 夜晚DD 帶你馬子去找BABY 被他發現後依氣死 靠杯的氣 非常的GEE 還記得昨天那晚的床戲 卡攜同他媽根本用不起 我馬子看到會非常的氣 受夠了我不會再愛 我都走了你怎麼才回來 沒有看到我send 你的line 最後才發現你殘骸 受夠了我不會再愛 我都走了你怎麼才回來 沒有看到我send 你的line 最後才發現你殘骸 受夠了 真的受夠了 又要重頭了 不想再重蹈覆轍 就衝到吐了 痛到哭了 畫面變成逐格 畫面變成了逐格 想要去派對任何地方 我也不只抽麻 用到OD藥物只想給我打回原形 回到現實我馬子打我一個清醒 說要解脫沒事只能亂去偷抽 看我沒有 你們還要叫我收手 我是屁ㄍㄧㄚ 在你面前就是吸法 要我怎樣我人生他媽就是這樣 我不只超歘 還會喝著塔ㄎㄧㄌㄚ 受夠了我不會再愛 我都走了你怎麼才回來 沒有看到我send 你的line 最後才發現你殘骸 受夠了我不會再愛 我都走了你怎麼才回來 沒有看到我send 你的line 最後才發現你殘骸 Sogo 了 
受夠了我不會再愛 我都走了你怎麼才回來 沒有看到我send 你的line 最後才發現你殘骸
受夠了我不會再愛 我都走了你怎麼才回來 沒有看到我send 你的line 最後才發現你殘骸
也許是累了 放下了許多 每天一包不停不停抽 走我的心中 也不差你一個在等候 最後的寂寞留給包包裡剩下的七星roll 不知道我不知道 我還有多少命可以做
若即若離 想想就唾棄 說了因為但是沒有所以 就算偷走了上衣 但你還是在我心裡
get the ez go to czy 林杯OD 夜晚DD 帶你馬子去找BABY 被他發現後依氣死 靠杯的氣 非常的GEE 還記得昨天那晚的床戲 卡攜同他媽根本用不起 我馬子看到會非常的氣
受夠了我不會再愛 我都走了你怎麼才回來 沒有看到我send 你的line 最後才發現你殘骸
受夠了我不會再愛 我都走了你怎麼才回來 沒有看到我send 你的line 最後才發現你殘骸
受夠了 真的受夠了 又要重頭了 不想再重蹈覆轍 就衝到吐了 痛到哭了 畫面變成逐格 畫面變成了逐格
想要去派對任何地方 我也不只抽麻 用到OD藥物只想給我打回原形 回到現實我馬子打我一個清醒 說要解脫沒事只能亂去偷抽 看我沒有 你們還要叫我收手 我是屁ㄍㄧㄚ 在你面前就是吸法 要我怎樣我人生他媽就是這樣 我不只超歘 還會喝著塔ㄎㄧㄌㄚ
受夠了我不會再愛 我都走了你怎麼才回來 沒有看到我send 你的line 最後才發現你殘骸
受夠了我不會再愛 我都走了你怎麼才回來 沒有看到我send 你的line 最後才發現你殘骸 Sogo 了
留言（ 0 ） 最相關留言 所有留言
留言（ 0 ）",2026-03-07,,False,False,
2026-03-10 21:24:26,30,,,5,260,4,https://streetvoice.com/cdix2/songs/847892/,https://streetvoice.com/cdix2/,"https://akstatic.streetvoice.com/song_covers/cd/ix/cdix2/GtDKu6rLfF7np6Cr3sgDzW.jpeg?x-oss-process=image/resize,m_fixed,h_1,w_1,limit_0/resize,m_fixed,h_630,w_1200,limit_0/watermark,image_c29uZ19jb3ZlcnMvY2QvaXgvY2RpeDIvR3RES3U2ckxmRjducDZDcjNzZ0R6Vy5qcGVnP3gtb3NzLXByb2Nlc3M9aW1hZ2UvcmVzaXplLG1fZml4ZWQsaF8zNDQsd18zNDQsbGltaXRfMA,g_nw,x_428,y_143/watermark,image_YXNzZXQvaW1hZ2VzL21ldGFpbWFnZS1zb25nLnBuZw,g_nw,x_0,y_0",@cdix2,音樂人,新北市,2006-04-01,2024-01-11 17:13,26,982,,,,https://www.youtube.com/user/StreetVoiceTV,Soundtrack / New age,六時八音 (demo EP),https://streetvoice.com/cdix2/songs/album/97324831/,,,"這是沒有提供歌詞的歌曲
留言（ 4 ） 最相關留言 所有留言
留言（ 4 ）",2026-03-06,,True,False,
2026-03-10 21:24:26,31,,,3,87,2,https://streetvoice.com/sandwichfail/songs/848268/,https://streetvoice.com/sandwichfail/,"https://akstatic.streetvoice.com/music_albums/sa/nd/sandwichfail/hznJQdevbhyMKWv6SUprzD.jpeg?x-oss-process=image/resize,m_fixed,h_1,w_1,limit_0/resize,m_fixed,h_630,w_1200,limit_0/watermark,image_bXVzaWNfYWxidW1zL3NhL25kL3NhbmR3aWNoZmFpbC9oem5KUWRldmJoeU1LV3Y2U1VwcnpELmpwZWc_eC1vc3MtcHJvY2Vzcz1pbWFnZS9yZXNpemUsbV9maXhlZCxoXzM0NCx3XzM0NCxsaW1pdF8w,g_nw,x_428,y_143/watermark,image_YXNzZXQvaW1hZ2VzL21ldGFpbWFnZS1zb25nLnBuZw,g_nw,x_0,y_0",@sandwichfail,音樂人,台南市,2019-04-01,2021-04-22 10:57,27,5226,,https://www.facebook.com/sandwichfail,https://www.instagram.com/sandwich_fail/,https://youtu.be/5dm_6cIaHIg,Alternative,這條路有許多美景 Life of Subway,https://streetvoice.com/sandwichfail/songs/album/97324851/,,,"這是沒有提供歌詞的歌曲
留言（ 2 ） 最相關留言 所有留言
留言（ 2 ）",2026-03-09,,False,False,
2026-03-10 21:24:26,32,,,6,168,1,https://streetvoice.com/dreammirror6969/songs/848107/,https://streetvoice.com/dreammirror6969/,"https://akstatic.streetvoice.com/song_covers/dr/ea/dreammirror6969/absY2tVoXvcSqm2dW4JQqU.jpeg?x-oss-process=image/resize,m_fixed,h_1,w_1,limit_0/resize,m_fixed,h_630,w_1200,limit_0/watermark,image_c29uZ19jb3ZlcnMvZHIvZWEvZHJlYW1taXJyb3I2OTY5L2Fic1kydFZvWHZjU3FtMmRXNEpRcVUuanBlZz94LW9zcy1wcm9jZXNzPWltYWdlL3Jlc2l6ZSxtX2ZpeGVkLGhfMzQ0LHdfMzQ0LGxpbWl0XzA,g_nw,x_428,y_143/watermark,image_YXNzZXQvaW1hZ2VzL21ldGFpbWFnZS1zb25nLnBuZw,g_nw,x_0,y_0",@dreammirror6969,音樂人,,,,,1,,,,https://www.youtube.com/user/StreetVoiceTV,Post rock,,,,"「鏡」 投影出猙獰的自我 難以釋懷的過往，燃燒成了餘燼 履跡不再顯得耽溺 ------ Guitar｜陳庭偉 Keyboard ｜蔡昀衡 Bass｜洪麒昇 Drum｜林峻屹 
「鏡」
投影出猙獰的自我
難以釋懷的過往，燃燒成了餘燼
履跡不再顯得耽溺
------ Guitar｜陳庭偉 Keyboard ｜蔡昀衡 Bass｜洪麒昇 Drum｜林峻屹","這是沒有提供歌詞的歌曲
留言（ 1 ） 最相關留言 所有留言
留言（ 1 ）",2026-03-08,,False,False,
2026-03-10 21:24:26,33,,,1,54,4,https://streetvoice.com/limraymondl/songs/848199/,https://streetvoice.com/limraymondl/,"https://akstatic.streetvoice.com/song_covers/li/mr/limraymondl/434TjDDr3j4dWhuDm25Vvk.jpg?x-oss-process=image/resize,m_fixed,h_1,w_1,limit_0/resize,m_fixed,h_630,w_1200,limit_0/watermark,image_c29uZ19jb3ZlcnMvbGkvbXIvbGltcmF5bW9uZGwvNDM0VGpERHIzajRkV2h1RG0yNVZ2ay5qcGc_eC1vc3MtcHJvY2Vzcz1pbWFnZS9yZXNpemUsbV9maXhlZCxoXzM0NCx3XzM0NCxsaW1pdF8w,g_nw,x_428,y_143/watermark,image_YXNzZXQvaW1hZ2VzL21ldGFpbWFnZS1zb25nLnBuZw,g_nw,x_0,y_0",,,,,,11,3,5,,,https://www.youtube.com/user/StreetVoiceTV,Pop,,,,"一段关于“长大与找回自己”的内心旅程。 整体画面像一部慢慢展开的成长电影，从童年、现实压力，到重新听见内心的声音。 詞： limraymondl/singingsongsforu © 2026 [Singingsongsforu]. All Rights Reserved. Lyrics and Music by [Singingsongsforu]. First published in [Singapore]. 
一段关于“长大与找回自己”的内心旅程。 整体画面像一部慢慢展开的成长电影，从童年、现实压力，到重新听见内心的声音。
詞： limraymondl/singingsongsforu
© 2026 [Singingsongsforu]. All Rights Reserved. Lyrics and Music by [Singingsongsforu]. First published in [Singapore].","詞： limraymondl/singingsongsforu © 2026 [Singingsongsforu]. All Rights Reserved. Lyrics and Music by [Singingsongsforu]. First published in [Singapore]. [Verse 1] 小时候天空很低 风一吹就有云 操场传来的笑声 跑得比时间还近 那时候什么都真 眼睛亮得很深 以为长大的世界 不会让人心疼 [Verse 2] 后来城市很吵 每个人都赶路 你学会低头沉默 把疲惫说成成熟 很多没说的话 很多夜里的灯 关掉以后才发现 原来自己也会冷 [Pre-Chorus] 如果有一天 你忽然停下来 会不会听见 心里那个小孩 轻轻对你说 [Chorus] 别把自己弄丢了 别把自己弄丢了 慢一点 慢一点 别把自己弄丢了 别把自己弄丢了 别把自己弄丢了 抬起头 抬起头 星星会带你回家 [Verse 3] 有时候真的很累 却还笑着说好 好像只要再努力 就能变得更好 可那个安静的你 一直站在心里 轻轻问了一句 你最近快乐吗 [Bridge] 如果眼泪掉下来 就让它慢慢落 原来你已经 走了这么远的路 别忘了 你最初的温柔 [Final Chorus] 别把自己弄丢了 别把自己弄丢了 慢一点 慢一点 别把自己弄丢了 别把自己弄丢了 别把自己弄丢了 回到心 回到心 那里一直有光啊 
詞： limraymondl/singingsongsforu
© 2026 [Singingsongsforu]. All Rights Reserved. Lyrics and Music by [Singingsongsforu]. First published in [Singapore].
[Verse 1] 小时候天空很低 风一吹就有云 操场传来的笑声 跑得比时间还近
那时候什么都真 眼睛亮得很深 以为长大的世界 不会让人心疼
[Verse 2] 后来城市很吵 每个人都赶路 你学会低头沉默 把疲惫说成成熟
很多没说的话 很多夜里的灯 关掉以后才发现 原来自己也会冷
[Pre-Chorus] 如果有一天 你忽然停下来
会不会听见 心里那个小孩 轻轻对你说
[Chorus] 别把自己弄丢了 别把自己弄丢了
慢一点 慢一点 别把自己弄丢了
别把自己弄丢了 别把自己弄丢了
抬起头 抬起头 星星会带你回家
[Verse 3] 有时候真的很累 却还笑着说好 好像只要再努力 就能变得更好
可那个安静的你 一直站在心里 轻轻问了一句 你最近快乐吗
[Bridge] 如果眼泪掉下来 就让它慢慢落
原来你已经 走了这么远的路
别忘了 你最初的温柔
[Final Chorus] 别把自己弄丢了 别把自己弄丢了
慢一点 慢一点 别把自己弄丢了
别把自己弄丢了 别把自己弄丢了
回到心 回到心 那里一直有光啊
留言（ 4 ） 最相關留言 所有留言
留言（ 4 ）",2026-03-08,,False,False,
2026-03-10 21:24:26,34,,,2,182,1,https://streetvoice.com/TheWriteThatStaysMusic/songs/848396/,https://streetvoice.com/TheWriteThatStaysMusic/,"https://akstatic.streetvoice.com/song_covers/Th/eW/TheWriteThatStaysMusic/CMdsPQrs3HPDGYFYDqGNzz.jpg?x-oss-process=image/resize,m_fixed,h_1,w_1,limit_0/resize,m_fixed,h_630,w_1200,limit_0/watermark,image_c29uZ19jb3ZlcnMvVGgvZVcvVGhlV3JpdGVUaGF0U3RheXNNdXNpYy9DTWRzUFFyczNIUERHWUZZRHFHTnp6LmpwZz94LW9zcy1wcm9jZXNzPWltYWdlL3Jlc2l6ZSxtX2ZpeGVkLGhfMzQ0LHdfMzQ0LGxpbWl0XzA,g_nw,x_428,y_143/watermark,image_YXNzZXQvaW1hZ2VzL21ldGFpbWFnZS1zb25nLnBuZw,g_nw,x_0,y_0",@TheWriteThatStaysMusic,音樂人,,,,,,,,,https://www.youtube.com/user/StreetVoiceTV,Pop,,,,"這首歌像是一段電影預告裡的低聲旁白。它談的不是某一個人的故事，而是那種在人生某個時刻突然出現的感覺，當時間走過很長一段路，你才慢慢意識到，很多事情其實早就開始了。 有些人離開了，有些名字被遺忘，但世界仍然照常運轉。直到某一天，你忽然明白，那些曾經發生過的事、那些走遠的人，其實從來沒有真正消失，只是安靜地停在時間裡。 《Before the World Wakes》描寫的，就是那個世界還沒完全醒來之前，人終於看見自己命運軌跡的瞬間。 
這首歌像是一段電影預告裡的低聲旁白。它談的不是某一個人的故事，而是那種在人生某個時刻突然出現的感覺，當時間走過很長一段路，你才慢慢意識到，很多事情其實早就開始了。
有些人離開了，有些名字被遺忘，但世界仍然照常運轉。直到某一天，你忽然明白，那些曾經發生過的事、那些走遠的人，其實從來沒有真正消失，只是安靜地停在時間裡。
《Before the World Wakes》描寫的，就是那個世界還沒完全醒來之前，人終於看見自己命運軌跡的瞬間。","詞|𝐒𝐨𝐟𝐢𝐚 𝐌𝐚𝐫𝐭𝐢𝐧𝐞𝐳 翻|𝐂𝐡𝐮𝐚𝐧𝐠 𝐌𝐢𝐧𝐠 𝐒𝐡𝐚𝐧 曲|𝐃𝐨𝐫𝐢𝐬 𝐊𝐨 編|𝐍𝐲𝐫𝐚 𝐕𝐚𝐥𝐞 唱|𝐒𝐜𝐚𝐫𝐥𝐞𝐭𝐭 𝐇𝐚𝐲𝐞𝐬 Some things 有些事情 don’t suddenly begin 從來不是突然開始 They were already moving 它們早已悄悄運轉 long before we noticed 在我們察覺之前 Time keeps going 時間依舊前行 People disappear 有人悄悄 from the story 離開了故事 Names that once mattered 那些曾重要的名字 slowly fade 慢慢變得模糊 But the world keeps turning 而世界仍在轉動 as if nothing changed 彷彿一切未曾改變 Until one day 直到某一天 you start to realize 你忽然明白 those forgotten voices 那些被遺忘的聲音 those people who walked away 那些離開的人 were never really gone 其實從未真正消失 They were only 他們只是 waiting 靜靜等待 to be remembered 被再次想起 Sometimes the world 有時候世界 gets very quiet 會變得很安靜 quiet enough 安靜到 to hear 能聽見 something approaching 某種東西正在靠近 And then one moment 然後在某一刻 everything 所有事情 suddenly 忽然 makes sense 全部變得明白 
詞|𝐒𝐨𝐟𝐢𝐚 𝐌𝐚𝐫𝐭𝐢𝐧𝐞𝐳 翻|𝐂𝐡𝐮𝐚𝐧𝐠 𝐌𝐢𝐧𝐠 𝐒𝐡𝐚𝐧 曲|𝐃𝐨𝐫𝐢𝐬 𝐊𝐨 編|𝐍𝐲𝐫𝐚 𝐕𝐚𝐥𝐞 唱|𝐒𝐜𝐚𝐫𝐥𝐞𝐭𝐭 𝐇𝐚𝐲𝐞𝐬
Some things 有些事情
don’t suddenly begin 從來不是突然開始
They were already moving 它們早已悄悄運轉
long before we noticed 在我們察覺之前
Time keeps going 時間依舊前行
People disappear 有人悄悄
from the story 離開了故事
Names that once mattered 那些曾重要的名字
slowly fade 慢慢變得模糊
But the world keeps turning 而世界仍在轉動
as if nothing changed 彷彿一切未曾改變
Until one day 直到某一天
you start to realize 你忽然明白
those forgotten voices 那些被遺忘的聲音
those people who walked away 那些離開的人
were never really gone 其實從未真正消失
They were only 他們只是
waiting 靜靜等待
to be remembered 被再次想起
Sometimes the world 有時候世界
gets very quiet 會變得很安靜
quiet enough 安靜到
to hear 能聽見
something approaching 某種東西正在靠近
And then one moment 然後在某一刻
everything 所有事情
suddenly 忽然
makes sense 全部變得明白
留言（ 1 ） 最相關留言 所有留言
留言（ 1 ）",2026-03-10,,False,False,
2026-03-10 21:24:26,35,,,4,411,6,https://streetvoice.com/azrilanb112/songs/847291/,https://streetvoice.com/azrilanb112/,"https://akstatic.streetvoice.com/song_covers/az/ri/azrilanb112/j5LoaAhKae2kN7ocHvFqSQ.jpg?x-oss-process=image/resize,m_fixed,h_1,w_1,limit_0/resize,m_fixed,h_630,w_1200,limit_0/watermark,image_c29uZ19jb3ZlcnMvYXovcmkvYXpyaWxhbmIxMTIvajVMb2FBaEthZTJrTjdvY0h2RnFTUS5qcGc_eC1vc3MtcHJvY2Vzcz1pbWFnZS9yZXNpemUsbV9maXhlZCxoXzM0NCx3XzM0NCxsaW1pdF8w,g_nw,x_428,y_143/watermark,image_YXNzZXQvaW1hZ2VzL21ldGFpbWFnZS1zb25nLnBuZw,g_nw,x_0,y_0",@azrilanb112,音樂人,新北市,2020-08-01,2024-03-27 11:56,5,86,18,,https://www.instagram.com/azri.lan._,https://youtube.com/@lan9059,Hip hop / Rap,,,8TM,"本首歌曲製作過程沒有任何藝術家或創作者因AI音樂導致權益受損，錄音混音詞曲演唱者所有過程皆真人純手工，請放心服用 ----- 因為8TM的EP《逆向崩潰》裡的〈WHO AM I〉真的太好聽了、把我聽哭了好幾次，所以就厚著臉皮去跟本人要了檔案來remix（順便完成一個月一首的2月KPI）。 最大的S/O給這個男人，還有《逆向崩潰》的製作人BD，請大家都去聽原曲跟《逆向崩潰》這張EP，用我的饒舌生涯保證是絕對優秀的一張作品，不參雜任何私心。 感謝淡江學弟sfy幫我路混、還有趴大師papa小趴幫我母帶，愛我的製作人朋友們。 
本首歌曲製作過程沒有任何藝術家或創作者因AI音樂導致權益受損，錄音混音詞曲演唱者所有過程皆真人純手工，請放心服用 ----- 因為8TM的EP《逆向崩潰》裡的〈WHO AM I〉真的太好聽了、把我聽哭了好幾次，所以就厚著臉皮去跟本人要了檔案來remix（順便完成一個月一首的2月KPI）。
最大的S/O給這個男人，還有《逆向崩潰》的製作人BD，請大家都去聽原曲跟《逆向崩潰》這張EP，用我的饒舌生涯保證是絕對優秀的一張作品，不參雜任何私心。
感謝淡江學弟sfy幫我路混、還有趴大師papa小趴幫我母帶，愛我的製作人朋友們。","Never Change at all 我想延續我 以前許過的願望 像不死的殺人鏈鋸魔 復活後又變強 得社會化但又怕面具多 到對真實都開始漸忘 只有在收到新編曲後 意識才連回線上 這過程中好多次我也曾迷失 愚笨的誤解別人意思 除自己外沒誰能醫治 念想都寫成遺志 一直在非演習的危險期裡 時光長河他把我推遠離你 口中年少的高光 不再是我沒臉提起 如今 不再想不勞而獲 只希望不要惹禍 來不及撤回的夢 像浮雲孤高的游 我是為什麼而活 找不到出處可搜 從只是無聊而已 到路有數條可走 要落下多少淚才能停止自怨自艾？ 要經歷多少風景才能看得見自己？ Does someone know who am i？ Can someone tell who am i? 永無止境的等待，讓我快要窒息 依舊很疏離即使在熟悉的圈子裡 在意別人評語到視線宛如監視器 過去已存在的我，抑或是未來的我 Hope I will still love myself,and never change at all. 
Never Change at all 我想延續我 以前許過的願望 像不死的殺人鏈鋸魔 復活後又變強 得社會化但又怕面具多 到對真實都開始漸忘 只有在收到新編曲後 意識才連回線上
這過程中好多次我也曾迷失 愚笨的誤解別人意思 除自己外沒誰能醫治 念想都寫成遺志
一直在非演習的危險期裡 時光長河他把我推遠離你 口中年少的高光 不再是我沒臉提起 如今 不再想不勞而獲 只希望不要惹禍 來不及撤回的夢 像浮雲孤高的游 我是為什麼而活 找不到出處可搜 從只是無聊而已 到路有數條可走
要落下多少淚才能停止自怨自艾？ 要經歷多少風景才能看得見自己？ Does someone know who am i？ Can someone tell who am i? 永無止境的等待，讓我快要窒息
依舊很疏離即使在熟悉的圈子裡 在意別人評語到視線宛如監視器 過去已存在的我，抑或是未來的我 Hope I will still love myself,and never change at all.
留言（ 6 ） 最相關留言 所有留言
留言（ 6 ）",2026-02-28,,True,False,
2026-03-10 21:24:26,36,,,3,45,0,https://streetvoice.com/zenbothasizip/songs/848224/,https://streetvoice.com/zenbothasizip/,"https://akstatic.streetvoice.com/song_covers/ze/nb/zenbothasizip/X9fXFCGi7hGKwWhRk5s8ko.jpeg?x-oss-process=image/resize,m_fixed,h_1,w_1,limit_0/resize,m_fixed,h_630,w_1200,limit_0/watermark,image_c29uZ19jb3ZlcnMvemUvbmIvemVuYm90aGFzaXppcC9YOWZYRkNHaTdoR0t3V2hSazVzOGtvLmpwZWc_eC1vc3MtcHJvY2Vzcz1pbWFnZS9yZXNpemUsbV9maXhlZCxoXzM0NCx3XzM0NCxsaW1pdF8w,g_nw,x_428,y_143/watermark,image_YXNzZXQvaW1hZ2VzL21ldGFpbWFnZS1zb25nLnBuZw,g_nw,x_0,y_0",@zenbothasizip,音樂人,,,2021-06-15 13:58,8,380,6,https://www.facebook.com/zenbothasizip,https://www.instagram.com/zenbo.wav/,https://www.youtube.com/@zenbothasizip/featured,Hip hop / Rap,,,,"Yo better listen up Beats by J.Cole & Jake One Mixing & Recording by 吳昱儒 Lulu Visual by ZENBØ Follow 禪波ZENBØ Instagram｜  / zenbo.wav Facebook｜  / zenbothasizip 
Yo better listen up
Beats by J.Cole & Jake One Mixing & Recording by 吳昱儒 Lulu Visual by ZENBØ
Follow 禪波ZENBØ Instagram｜  / zenbo.wav Facebook｜  / zenbothasizip","動態歌詞
I never knew a luh luh luh a love like this Gotta be somethin’for me to write this I never knew a lo lo lo a love like this Gotta be somethin’for me to write this 空白的二月 不知應該從何說起 說實話 沒有快樂 正好戒斷我的上癮 重複著每天 不同氣味但在同個場景 又或是一支煙的發呆 坐在公園長椅 每一天遲疑加重 這肩頸有些疼痛 我似乎任性太久 才發現問題沈重 逆著氣壓層的閉鎖 然後無法升空 像是被調教用的觸手 難以掙脫 內心的野獸被馴服 再多走幾里路 城市的霾害太重 伸手不見五里霧 傳球的失誤 錯過這招帥的Alley-opp 我就像Young的Metro Chigga I don’t trust you 再放棄一次機會 是否這樣比較酷 沈浸在名聲金錢物質 酒精與藥物 這一局不發牌 也沒有 莊家要跟注 我早就不是學徒 還在跟你算分數 從深淵探出光線 讓我直視那個縫 微弱的求救聲音訊號 誰也叫不動 就只是為了消弭不安 做出的舉動 這讓人焦慮不堪 對抗命運的愚弄 分裂出平行時空 我不存在的宇宙 這時代不斷承襲 難以平息的詛咒 我像是由愛生恨 對他做出了指控 而我也不曾停筆 只求這樣能止痛 I never knew a luh luh luh a love like this Gotta be somethin’for me to write this I never knew a luh luh luh a love like this Gotta be somethin’for me to write this 我也想表達更多愛 這樣太做作 每一種情緒易碎 碰不得 像泡沫 社會化PUA 對精神做出操控 就這樣一言不合 呼吸也能騷動 夢幻的體質 抽取基因 製造超夢 怕黑就化做一身黑 這樣才嘲諷 身體與心理 反覆切換模式勞動 我始終跨不過 在終點前的壕溝 不知道何時它的審美開始 走味 能回到那個年代 靈魂這麼純粹 書寫下筆尖奔馳 在沈默的黑夜 才發現累積的角質 阻塞了淚腺 我還是溫柔 將她攬向我的臂彎 我也從正道 漫步到了異端 維持著同樣格式 通過縝密計算 但命運卡了太多Bug 醒著也迷幻 我曾經為她不怕風雨困難忘記吃飯 也揮灑我的汗水牽著她不怕會失散 我愛著她從守護直到厭惡般那自然 而當她病了需要手術 放任她在自殘 是適得其反 迷路之中找回不到身影 那披荊斬棘 走上高山不見得能登頂 回收著呼聲 掌聲 噓聲 人性變得虛擬 而他們佔據妳的靈魂 卻丟掉了軀體 I never knew a luh luh luh a love like this Gotta be somethin’for me to write this I never knew a luh luh luh a love like this Gotta be somethin’for me to write this 
I never knew a luh luh luh a love like this Gotta be somethin’for me to write this I never knew a lo lo lo a love like this Gotta be somethin’for me to write this 空白的二月 不知應該從何說起 說實話 沒有快樂 正好戒斷我的上癮 重複著每天 不同氣味但在同個場景 又或是一支煙的發呆 坐在公園長椅 每一天遲疑加重 這肩頸有些疼痛 我似乎任性太久 才發現問題沈重 逆著氣壓層的閉鎖 然後無法升空 像是被調教用的觸手 難以掙脫 內心的野獸被馴服 再多走幾里路 城市的霾害太重 伸手不見五里霧 傳球的失誤 錯過這招帥的Alley-opp 我就像Young的Metro Chigga I don’t trust you 再放棄一次機會 是否這樣比較酷 沈浸在名聲金錢物質 酒精與藥物 這一局不發牌 也沒有 莊家要跟注 我早就不是學徒 還在跟你算分數 從深淵探出光線 讓我直視那個縫 微弱的求救聲音訊號 誰也叫不動 就只是為了消弭不安 做出的舉動 這讓人焦慮不堪 對抗命運的愚弄 分裂出平行時空 我不存在的宇宙 這時代不斷承襲 難以平息的詛咒 我像是由愛生恨 對他做出了指控 而我也不曾停筆 只求這樣能止痛 I never knew a luh luh luh a love like this Gotta be somethin’for me to write this I never knew a luh luh luh a love like this Gotta be somethin’for me to write this 我也想表達更多愛 這樣太做作 每一種情緒易碎 碰不得 像泡沫 社會化PUA 對精神做出操控 就這樣一言不合 呼吸也能騷動 夢幻的體質 抽取基因 製造超夢 怕黑就化做一身黑 這樣才嘲諷 身體與心理 反覆切換模式勞動 我始終跨不過 在終點前的壕溝 不知道何時它的審美開始 走味 能回到那個年代 靈魂這麼純粹 書寫下筆尖奔馳 在沈默的黑夜 才發現累積的角質 阻塞了淚腺 我還是溫柔 將她攬向我的臂彎 我也從正道 漫步到了異端 維持著同樣格式 通過縝密計算 但命運卡了太多Bug 醒著也迷幻 我曾經為她不怕風雨困難忘記吃飯 也揮灑我的汗水牽著她不怕會失散 我愛著她從守護直到厭惡般那自然 而當她病了需要手術 放任她在自殘 是適得其反 迷路之中找回不到身影 那披荊斬棘 走上高山不見得能登頂 回收著呼聲 掌聲 噓聲 人性變得虛擬 而他們佔據妳的靈魂 卻丟掉了軀體 I never knew a luh luh luh a love like this Gotta be somethin’for me to write this I never knew a luh luh luh a love like this Gotta be somethin’for me to write this
留言（ 0 ） 最相關留言 所有留言
留言（ 0 ）",2026-03-09,,False,False,
2026-03-10 21:24:26,37,,,1,8,0,https://streetvoice.com/Sub_attack_715/songs/848374/,https://streetvoice.com/Sub_attack_715/,"https://akstatic.streetvoice.com/song_covers/Su/b_/Sub_attack_715/Rrtm4gvcsct9gsNJgtSaPX.jpg?x-oss-process=image/resize,m_fixed,h_1,w_1,limit_0/resize,m_fixed,h_630,w_1200,limit_0/watermark,image_c29uZ19jb3ZlcnMvU3UvYl8vU3ViX2F0dGFja183MTUvUnJ0bTRndmNzY3Q5Z3NOSmd0U2FQWC5qcGc_eC1vc3MtcHJvY2Vzcz1pbWFnZS9yZXNpemUsbV9maXhlZCxoXzM0NCx3XzM0NCxsaW1pdF8w,g_nw,x_428,y_143/watermark,image_YXNzZXQvaW1hZ2VzL21ldGFpbWFnZS1zb25nLnBuZw,g_nw,x_0,y_0",@Sub_attack_715,音樂人,雲林縣,2024-08-01,,9,3,1,,,https://www.youtube.com/user/StreetVoiceTV,Pop,,,,,"已經預設被世界拋棄 我還記得要怎麼呼吸 血流的還不夠徹底 白痴又想殺死我自己 去他媽的又假意關心 害怕一切溫柔的聲音 早就已經麻木的神經 什麼時候開始麻痺 哭得 粧又花了 拼命隱藏手上的傷痕 昨天 又消失了 用新的傷口讓自己記得 笑著 怎麼捨得 把白色染成粉紅色 怕了 怎麼可能 又忘記我做了什麼 我傷害了誰 我對不起誰？ 反正我只想待在自己的世界 我傷害了誰 我對不起誰？ 反正我只想待在自己的世界 已經預設被世界拋棄 我還記得要怎麼呼吸 血流的還不夠徹底 白痴又想殺死我自己 去他媽的又假意關心 害怕一切溫柔的聲音 早就已經麻木的神經 什麼時候開始麻痺 
已經預設被世界拋棄 我還記得要怎麼呼吸 血流的還不夠徹底 白痴又想殺死我自己
去他媽的又假意關心 害怕一切溫柔的聲音 早就已經麻木的神經 什麼時候開始麻痺
哭得 粧又花了 拼命隱藏手上的傷痕 昨天 又消失了 用新的傷口讓自己記得
笑著 怎麼捨得 把白色染成粉紅色 怕了 怎麼可能 又忘記我做了什麼
我傷害了誰 我對不起誰？ 反正我只想待在自己的世界
我傷害了誰 我對不起誰？ 反正我只想待在自己的世界
已經預設被世界拋棄 我還記得要怎麼呼吸 血流的還不夠徹底 白痴又想殺死我自己
去他媽的又假意關心 害怕一切溫柔的聲音 早就已經麻木的神經 什麼時候開始麻痺
留言（ 0 ） 最相關留言 所有留言
留言（ 0 ）",2026-03-10,,False,False,
2026-03-10 21:24:26,38,,,63,8404,32,https://streetvoice.com/morebeus_official/songs/845019/,https://streetvoice.com/morebeus_official/,"https://akstatic.streetvoice.com/song_covers/mo/re/morebeus_official/JDHRxKdGj62hrM4aaJM2fq.jpeg?x-oss-process=image/resize,m_fixed,h_1,w_1,limit_0/resize,m_fixed,h_630,w_1200,limit_0/watermark,image_c29uZ19jb3ZlcnMvbW8vcmUvbW9yZWJldXNfb2ZmaWNpYWwvSkRIUnhLZEdqNjJock00YWFKTTJmcS5qcGVnP3gtb3NzLXByb2Nlc3M9aW1hZ2UvcmVzaXplLG1fZml4ZWQsaF8zNDQsd18zNDQsbGltaXRfMA,g_nw,x_428,y_143/watermark,image_YXNzZXQvaW1hZ2VzL21ldGFpbWFnZS1zb25nLnBuZw,g_nw,x_0,y_0",@morebeus_official,音樂人,台灣,2025-12-01,2026-02-12 09:57,3,116,,,https://www.instagram.com/morebeus_official/,https://www.youtube.com/@morebeus_official,Alternative,,,,"這是一首適合在夜晚一個人散步時聽的歌。 戴上耳機，世界的聲音被調低，如果剛好沒有任何人，你可以偷偷地跳起舞來，那是只屬於自己的自由。 走著走著，夜晚會變得很長。 人終究是群居動物，再怎麼享受獨處，也還是會在某個瞬間感覺到孤獨，想起分離，想起如果沒有分開，是不是就不會是一個人。 這首歌寫的，是在獨處與連結之間來回擺盪的那種感情。 喜歡一個人的自在，卻也在夜深時，想要有人並肩。 
這是一首適合在夜晚一個人散步時聽的歌。 戴上耳機，世界的聲音被調低，如果剛好沒有任何人，你可以偷偷地跳起舞來，那是只屬於自己的自由。
走著走著，夜晚會變得很長。 人終究是群居動物，再怎麼享受獨處，也還是會在某個瞬間感覺到孤獨，想起分離，想起如果沒有分開，是不是就不會是一個人。
這首歌寫的，是在獨處與連結之間來回擺盪的那種感情。 喜歡一個人的自在，卻也在夜深時，想要有人並肩。","動態歌詞
吹著我吹著我 夜晚的風吹著我 獨自一個人走在這街頭 慢慢走 跳著走 不被拘束的生活 就像你從來不曾出現過 跟上耳機裡的節奏 染了顏色的天空 找尋屬於自己的平靜 和失去的自由 流浪到了盡頭 再也無法忽視的寂寞 悄悄帶走我 提醒我提醒我 不要沉思得太久 讓自己陷入回憶的漩渦 讓我走 讓我走 我得自己去要求 就像我們要分開的時候 跟上耳機裡的節奏 染了顏色的天空 找尋屬於自己的平靜 和失去的自由 流浪到了盡頭 再也無法忽視的寂寞 悄悄帶走我 吹著我吹著我 夜晚的風吹著我 慢慢走跳著走 不被拘束的生活 提醒我提醒我 不要沉思的太久 讓自己陷入回憶的漩渦 悄悄帶走我 
吹著我吹著我 夜晚的風吹著我 獨自一個人走在這街頭 慢慢走 跳著走 不被拘束的生活 就像你從來不曾出現過
跟上耳機裡的節奏 染了顏色的天空 找尋屬於自己的平靜 和失去的自由 流浪到了盡頭 再也無法忽視的寂寞 悄悄帶走我
提醒我提醒我 不要沉思得太久 讓自己陷入回憶的漩渦 讓我走 讓我走 我得自己去要求 就像我們要分開的時候
跟上耳機裡的節奏 染了顏色的天空 找尋屬於自己的平靜 和失去的自由 流浪到了盡頭 再也無法忽視的寂寞 悄悄帶走我
吹著我吹著我 夜晚的風吹著我 慢慢走跳著走 不被拘束的生活 提醒我提醒我 不要沉思的太久 讓自己陷入回憶的漩渦 悄悄帶走我
留言（ 32 ） 最相關留言 所有留言
留言（ 32 ）",2026-02-06,,True,False,
2026-03-10 21:24:26,39,,,1,8,0,https://streetvoice.com/walkingwithai/songs/848333/,https://streetvoice.com/walkingwithai/,"https://akstatic.streetvoice.com/song_covers/wa/lk/walkingwithai/8ANNWpsYzM6CKB3yMNwuJq.jpeg?x-oss-process=image/resize,m_fixed,h_1,w_1,limit_0/resize,m_fixed,h_630,w_1200,limit_0/watermark,image_c29uZ19jb3ZlcnMvd2EvbGsvd2Fsa2luZ3dpdGhhaS84QU5OV3BzWXpNNkNLQjN5TU53dUpxLmpwZWc_eC1vc3MtcHJvY2Vzcz1pbWFnZS9yZXNpemUsbV9maXhlZCxoXzM0NCx3XzM0NCxsaW1pdF8w,g_nw,x_428,y_143/watermark,image_YXNzZXQvaW1hZ2VzL21ldGFpbWFnZS1zb25nLnBuZw,g_nw,x_0,y_0",@walkingwithai,音樂人,,,,50,4,3,,,https://www.youtube.com/user/StreetVoiceTV,Post rock,,,,"這首歌詞寫的是一種「撤退」。在寫作時，我刻意想剝離那些現代文明強加在我們身上的標籤——導航、螢幕、姓名，甚至是自我解釋的慾望。當我寫到「手機塞進雪下」時，其實是想表達一種徹底的斷聯。在那個地圖失效的地方，人的存在感被壓縮到了極致，只剩下胸口發疼的呼吸和一團白氣，這種「縮小」反而讓我感到一種前所未有的踏實。 關於「苔」的意象，是我對自我定位的一種重新想像。我們總想當參天大樹，或是在地圖上標註明顯的紅點，但其實貼在濕石頭上不吭聲的苔，才是最接近大地起伏的存在。歌詞後半段提到的「林中雙眼」和「聲音的學習」，並非在描述恐懼，而是在描述一種與荒野的共振。我不必再維持一個「文明人」的體面嗓音，哪怕乾澀發硬，那也是最原始、不需要向誰交代的真實。 最後，我把結尾落在「不再追路」。這是我給自己的一種解脫。很多時候我們感到疲憊，是因為我們一直在「地圖」上尋找終點，而當我承認自己就是那段安靜的風景時，前進與停下便不再重要。這不是迷失，而是在消失的盡頭，我終於與那些舊的恐懼與狂熱和解，重新把自己拼湊成一個完整、且不再需要定義的人。 
這首歌詞寫的是一種「撤退」。在寫作時，我刻意想剝離那些現代文明強加在我們身上的標籤——導航、螢幕、姓名，甚至是自我解釋的慾望。當我寫到「手機塞進雪下」時，其實是想表達一種徹底的斷聯。在那個地圖失效的地方，人的存在感被壓縮到了極致，只剩下胸口發疼的呼吸和一團白氣，這種「縮小」反而讓我感到一種前所未有的踏實。
關於「苔」的意象，是我對自我定位的一種重新想像。我們總想當參天大樹，或是在地圖上標註明顯的紅點，但其實貼在濕石頭上不吭聲的苔，才是最接近大地起伏的存在。歌詞後半段提到的「林中雙眼」和「聲音的學習」，並非在描述恐懼，而是在描述一種與荒野的共振。我不必再維持一個「文明人」的體面嗓音，哪怕乾澀發硬，那也是最原始、不需要向誰交代的真實。
最後，我把結尾落在「不再追路」。這是我給自己的一種解脫。很多時候我們感到疲憊，是因為我們一直在「地圖」上尋找終點，而當我承認自己就是那段安靜的風景時，前進與停下便不再重要。這不是迷失，而是在消失的盡頭，我終於與那些舊的恐懼與狂熱和解，重新把自己拼湊成一個完整、且不再需要定義的人。","關掉導航 把方向先放一邊 手機塞進雪下 螢幕一黑 像喘不過氣的光 在這裡名字不值錢 像樹皮掉下來 那一片風一翻 就認不出了 腳印很快 就被雪抹掉 我走著走著 只剩嘴邊這口白氣 一下一下 頂著胸口發疼 在地圖消失的盡頭 我慢慢不想再解釋自己 像腳邊一小塊苔 貼著濕石頭不吭聲 在地圖消失的盡頭 抬頭只有樹梢的亮 一縷一縷漏下來 落在臉上 叫我把 「我是誰」先放下 第一聲哼出來 像很久沒用過的嗓子 乾得發澀 每個字都硬 滾過喉嚨才化開 風貼著耳朵轉 它不說話 只是推著我 讓我學它的起伏 忽遠忽近 斷了又接上 在地圖消失的盡頭 我慢慢不想再解釋自己 像腳邊一小片苔 替走過的人 記住腳步的輕重 在地圖消失的盡頭 抬頭只有樹梢的亮在動 葉子像分岔的線 把氣息切成很多段 我也跟著被切開 再拼回去 林子深處 有一雙眼不躲 也不靠近 就那麼看著 像雪夜裡 唯一沒睡的東西 我用聲音去學它 不是學兇 是學那種 不需要解釋的硬 每一次換氣 都像在空地抬頭 和一團灰影對上短短一下 心卻跳得很久 在地圖消失的盡頭 我終於不用人的名字 只剩一片潮濕的苔 貼在地面緩慢的起伏上 在地圖消失的盡頭 我仰面躺進那片亮裡 風從胸口掃過去 帶走一層舊的熱 也帶走 舊的怕 在地圖消失的盡頭 我不必再多走一步 因為我已經不再追路 我就是路上 那一段安靜的風景 
關掉導航 把方向先放一邊 手機塞進雪下 螢幕一黑 像喘不過氣的光
在這裡名字不值錢 像樹皮掉下來 那一片風一翻 就認不出了
腳印很快 就被雪抹掉 我走著走著 只剩嘴邊這口白氣 一下一下 頂著胸口發疼
在地圖消失的盡頭 我慢慢不想再解釋自己 像腳邊一小塊苔 貼著濕石頭不吭聲
在地圖消失的盡頭 抬頭只有樹梢的亮 一縷一縷漏下來 落在臉上 叫我把 「我是誰」先放下
第一聲哼出來 像很久沒用過的嗓子 乾得發澀 每個字都硬 滾過喉嚨才化開
風貼著耳朵轉 它不說話 只是推著我 讓我學它的起伏 忽遠忽近 斷了又接上
在地圖消失的盡頭 我慢慢不想再解釋自己 像腳邊一小片苔 替走過的人 記住腳步的輕重
在地圖消失的盡頭 抬頭只有樹梢的亮在動 葉子像分岔的線 把氣息切成很多段 我也跟著被切開 再拼回去
林子深處 有一雙眼不躲 也不靠近 就那麼看著 像雪夜裡 唯一沒睡的東西
我用聲音去學它 不是學兇 是學那種 不需要解釋的硬 每一次換氣 都像在空地抬頭 和一團灰影對上短短一下 心卻跳得很久
在地圖消失的盡頭 我終於不用人的名字 只剩一片潮濕的苔 貼在地面緩慢的起伏上
在地圖消失的盡頭 我仰面躺進那片亮裡 風從胸口掃過去 帶走一層舊的熱 也帶走 舊的怕
在地圖消失的盡頭 我不必再多走一步 因為我已經不再追路 我就是路上 那一段安靜的風景
留言（ 0 ） 最相關留言 所有留言
留言（ 0 ）",2026-03-09,,False,False,
2026-03-10 21:24:26,40,,,3,20,1,https://streetvoice.com/VOYang/songs/848289/,https://streetvoice.com/VOYang/,"https://akstatic.streetvoice.com/music_albums/VO/Ya/VOYang/36AAf8eSM7xTsQukLMXYGw.jpeg?x-oss-process=image/resize,m_fixed,h_1,w_1,limit_0/resize,m_fixed,h_630,w_1200,limit_0/watermark,image_bXVzaWNfYWxidW1zL1ZPL1lhL1ZPWWFuZy8zNkFBZjhlU003eFRzUXVrTE1YWUd3LmpwZWc_eC1vc3MtcHJvY2Vzcz1pbWFnZS9yZXNpemUsbV9maXhlZCxoXzM0NCx3XzM0NCxsaW1pdF8w,g_nw,x_428,y_143/watermark,image_YXNzZXQvaW1hZ2VzL21ldGFpbWFnZS1zb25nLnBuZw,g_nw,x_0,y_0",@VOYang,音樂人,,,,104,21,15,,,https://www.youtube.com/user/StreetVoiceTV,Dance,PRISM,https://streetvoice.com/VOYang/songs/album/97324735/,,"這首歌曲以輕盈卻快速的碎拍節奏，營造出穿梭於霓虹閃爍城市的時尚氛圍。歌曲調性夢幻且充滿未來感，將愛情中心跳漏拍的瞬間比喻為系統故障（Glitch），帶給聽眾一種既迷幻又危險的刺激感。戴上耳機，彷彿置身於一場虛擬與現實交錯的浪漫追逐遊戲中，讓人深深沉醉在快速更迭的心動頻率裡。 © ℗ Copyright LIN CHI YANG 2026年1月12日發行 
這首歌曲以輕盈卻快速的碎拍節奏，營造出穿梭於霓虹閃爍城市的時尚氛圍。歌曲調性夢幻且充滿未來感，將愛情中心跳漏拍的瞬間比喻為系統故障（Glitch），帶給聽眾一種既迷幻又危險的刺激感。戴上耳機，彷彿置身於一場虛擬與現實交錯的浪漫追逐遊戲中，讓人深深沉醉在快速更迭的心動頻率裡。
© ℗ Copyright LIN CHI YANG 2026年1月12日發行","Yeah Catch me if you can System overload. 螢幕上的訊號 忽快又忽慢 你的眼神游移 left right, left right 數據開始混亂 頻率無法計算 這感覺太危險 I can't deny 像素堆疊的愛 太過虛幻 我要真實觸感 right here, right now 心跳漏了一拍 連線狀態 unstable 倒數計時開始 準備好被我登入 your mind Three, Two, One, Go Glitch mode, Glitch mode 訊號在閃爍 Catch me if you can 穿梭在霓虹的錯落 這不是 Bug 是心動的脈搏 系統重新啟動 愛情的誘惑 Glitch mode, Glitch mode You're in my control. Glitch mode, Glitch mode You're in my control. Error code 404,找不到出口 陷入我的迷宮 there's no way home That's right 別想嘗試 reboot, 感覺太過 absolute 跟著節奏搖擺 move your body to the root 虛擬與現實 交錯的瞬間 You and me, we connect, 沒有極限 心跳漏了一拍 連線狀態 unstable 倒數計時開始 準備好被我登入 your mind Go! Glitch mode, Glitch mode 訊號在閃爍 Catch me if you can 穿梭在霓虹的錯落 這不是 Bug 是心動的脈搏 系統重新啟動 愛情的誘惑 Glitch mode, Glitch mode You're in my control. Glitch mode, Glitch mode You're in my control. 穿越光纖的距離 只為了擁抱真實的你 別害怕雜訊干擾 我們的連線 沒人能打擾 Glitch, Glitch, Mode Dancing in the light Glitch mode, Glitch mode 訊號在閃爍 Catch me if you can 穿梭在霓虹的錯落 這不是 Bug 是心動的脈搏 系統重新啟動 愛情的誘惑 Glitch mode, Glitch mode You're in my control. System restored. Log out. 
Yeah Catch me if you can System overload.
螢幕上的訊號 忽快又忽慢 你的眼神游移 left right, left right 數據開始混亂 頻率無法計算 這感覺太危險 I can't deny 像素堆疊的愛 太過虛幻 我要真實觸感 right here, right now
心跳漏了一拍 連線狀態 unstable 倒數計時開始 準備好被我登入 your mind Three, Two, One, Go
Glitch mode, Glitch mode 訊號在閃爍 Catch me if you can 穿梭在霓虹的錯落 這不是 Bug 是心動的脈搏 系統重新啟動 愛情的誘惑 Glitch mode, Glitch mode You're in my control. Glitch mode, Glitch mode You're in my control.
Error code 404,找不到出口 陷入我的迷宮 there's no way home That's right 別想嘗試 reboot, 感覺太過 absolute 跟著節奏搖擺 move your body to the root 虛擬與現實 交錯的瞬間 You and me, we connect, 沒有極限
心跳漏了一拍 連線狀態 unstable 倒數計時開始 準備好被我登入 your mind Go!
Glitch mode, Glitch mode 訊號在閃爍 Catch me if you can 穿梭在霓虹的錯落 這不是 Bug 是心動的脈搏 系統重新啟動 愛情的誘惑 Glitch mode, Glitch mode You're in my control. Glitch mode, Glitch mode You're in my control.
穿越光纖的距離 只為了擁抱真實的你 別害怕雜訊干擾 我們的連線 沒人能打擾
Glitch, Glitch, Mode Dancing in the light
Glitch mode, Glitch mode 訊號在閃爍 Catch me if you can 穿梭在霓虹的錯落 這不是 Bug 是心動的脈搏 系統重新啟動 愛情的誘惑 Glitch mode, Glitch mode You're in my control.
System restored. Log out.
留言（ 1 ） 最相關留言 所有留言
留言（ 1 ）",2026-03-09,,False,False,
2026-03-10 21:24:26,41,,,1,75,0,https://streetvoice.com/DriftWood/songs/847903/,https://streetvoice.com/DriftWood/,"https://akstatic.streetvoice.com/song_covers/Dr/if/DriftWood/NwPEhRsf3NJfN4Am7e9YYR.jpeg?x-oss-process=image/resize,m_fixed,h_1,w_1,limit_0/resize,m_fixed,h_630,w_1200,limit_0/watermark,image_c29uZ19jb3ZlcnMvRHIvaWYvRHJpZnRXb29kL053UEVoUnNmM05KZk40QW03ZTlZWVIuanBlZz94LW9zcy1wcm9jZXNzPWltYWdlL3Jlc2l6ZSxtX2ZpeGVkLGhfMzQ0LHdfMzQ0LGxpbWl0XzA,g_nw,x_428,y_143/watermark,image_YXNzZXQvaW1hZ2VzL21ldGFpbWFnZS1zb25nLnBuZw,g_nw,x_0,y_0",@DriftWood,音樂人,,,,,,,,,https://www.youtube.com/user/StreetVoiceTV,Rock,,,,"Doorway 
Doorway","Now im standing by the door Watching you go Our dog is crying The bed feels empty every little hope is gone I hope he will take care of you Holding your hand just like I used to I know you won’t feel a thing You never do But I still missing you I miss the old us Can you bring back the time The time we fly together I can see myself through your eyes I miss the old us Can you bring back the time The time we fly together And you still love me forever This world isn’t meant for us I still dream about you every night Tell me honey How can I forget you When only you can make me laugh And only you can make me cry I know you won’t feel a thing You never do But I still missing you I miss the old us Can you bring back the time The time we fly together I can see myself through your eyes I miss the old us Can you bring back the time The time we fly together And you still love me forever I keep whispering you’re coming back Like I can make it true I still dream about you every night Baby im Begging you to come home Oh don’t you know I can’t live without you You won’t be remember me I won’t be able to forget you 
Now im standing by the door Watching you go Our dog is crying The bed feels empty every little hope is gone I hope he will take care of you Holding your hand just like I used to
I know you won’t feel a thing You never do But I still missing you
I miss the old us Can you bring back the time The time we fly together I can see myself through your eyes I miss the old us Can you bring back the time The time we fly together And you still love me forever
This world isn’t meant for us I still dream about you every night Tell me honey How can I forget you When only you can make me laugh And only you can make me cry
I know you won’t feel a thing You never do But I still missing you
I miss the old us Can you bring back the time The time we fly together I can see myself through your eyes I miss the old us Can you bring back the time The time we fly together And you still love me forever
I keep whispering you’re coming back Like I can make it true I still dream about you every night Baby im Begging you to come home Oh don’t you know I can’t live without you
You won’t be remember me I won’t be able to forget you
留言（ 0 ） 最相關留言 所有留言
留言（ 0 ）",2026-03-06,,True,False,
2026-03-10 21:24:26,42,,,0,7,0,https://streetvoice.com/_extd/songs/848163/,https://streetvoice.com/_extd/,"https://akstatic.streetvoice.com/song_covers/_e/xt/_extd/gSZnmQt82MRzgUTnmj7hGB.jpeg?x-oss-process=image/resize,m_fixed,h_1,w_1,limit_0/resize,m_fixed,h_630,w_1200,limit_0/watermark,image_c29uZ19jb3ZlcnMvX2UveHQvX2V4dGQvZ1Nabm1RdDgyTVJ6Z1VUbm1qN2hHQi5qcGVnP3gtb3NzLXByb2Nlc3M9aW1hZ2UvcmVzaXplLG1fZml4ZWQsaF8zNDQsd18zNDQsbGltaXRfMA,g_nw,x_428,y_143/watermark,image_YXNzZXQvaW1hZ2VzL21ldGFpbWFnZS1zb25nLnBuZw,g_nw,x_0,y_0",@_extd,音樂人,,,,,,,,,https://www.youtube.com/user/StreetVoiceTV,Electronic,,,,"一首為球場氣氛而寫的 Stadium Anthem。 小號旋律與電子節奏交織，在節拍與吶喊之間推向勝利的瞬間。 
一首為球場氣氛而寫的 Stadium Anthem。 小號旋律與電子節奏交織，在節拍與吶喊之間推向勝利的瞬間。","這是沒有提供歌詞的歌曲
留言（ 0 ） 最相關留言 所有留言
留言（ 0 ）",2026-03-08,,False,False,
2026-03-10 21:24:26,43,,,16,1044,8,https://streetvoice.com/sandwichfail/songs/846880/,https://streetvoice.com/sandwichfail/,"https://akstatic.streetvoice.com/song_covers/sa/nd/sandwichfail/WSRw5y3fGgRxeU2X4A9eDa.jpg?x-oss-process=image/resize,m_fixed,h_1,w_1,limit_0/resize,m_fixed,h_630,w_1200,limit_0/watermark,image_c29uZ19jb3ZlcnMvc2EvbmQvc2FuZHdpY2hmYWlsL1dTUnc1eTNmR2dSeGVVMlg0QTllRGEuanBnP3gtb3NzLXByb2Nlc3M9aW1hZ2UvcmVzaXplLG1fZml4ZWQsaF8zNDQsd18zNDQsbGltaXRfMA,g_nw,x_428,y_143/watermark,image_YXNzZXQvaW1hZ2VzL21ldGFpbWFnZS1zb25nLnBuZw,g_nw,x_0,y_0",@sandwichfail,音樂人,台南市,2019-04-01,2021-04-22 10:57,10,1908,,https://www.facebook.com/sandwichfail,https://www.instagram.com/sandwich_fail/,https://youtu.be/5dm_6cIaHIg,Post rock,這條路有許多美景 Life of Subway,https://streetvoice.com/sandwichfail/songs/album/97324851/,,"打倒三明治 Roadkill ᴿᵉᵖʳⁱ ˢ ᵉ 2026/02/25 00:00 線上發行！！！ 就在剛剛我們發行了「舊的新歌」 這個版本陪伴我們好一陣子 下週同一時間 還有更酷的東西想分享給各位 🥊🥪 𝙍𝙤𝙖𝙙𝙠𝙞𝙡𝙡 𝟮𝟬𝟮𝟲 ʀᴇᴘʀɪsᴇ / ——✶✧ 執著會帶領自己直搗無際的遠途 做任何選擇都要付出代價 但還是要做出選擇 跳舞吧 這次用五顏六色的聲響 堆砌出面向未知的那條路 「 這條路有許多美景 壓死了好多條命 那船下有許多的魚 裝滿就回不去 」 ——- <Roadkill> ➲ Credit ✶✧✶——————✶₊ ﾟ☽ * ₊ ⋆—//—✶✧ ✶ Producer｜打倒三明治/吳征峻 WU,CHENG-CHUN ✶混音師 ｜吳征峻 WU,CHENG-CHUN ✶母帶後期製作｜顏運志GAMA ✶錄音｜顏運志 GAMA/吳征峻 WU,CHENG-CHUN ✶ Guitar / Vocal｜王欣茹 NEO WANG ✶ Beat Re-composed｜吳征鴻WU,CHENG-HONG ✶ Electric guitar｜吳征峻 WU,CHENG-CHUN ✶ Bass｜孟中飛 MENG,CHUNG-FEI ✶ illustration design｜鄺子翎 @wildroams.island 
打倒三明治 Roadkill ᴿᵉᵖʳⁱ ˢ ᵉ 2026/02/25 00:00 線上發行！！！
就在剛剛我們發行了「舊的新歌」 這個版本陪伴我們好一陣子 下週同一時間 還有更酷的東西想分享給各位 🥊🥪 𝙍𝙤𝙖𝙙𝙠𝙞𝙡𝙡 𝟮𝟬𝟮𝟲 ʀᴇᴘʀɪsᴇ / ——✶✧
執著會帶領自己直搗無際的遠途 做任何選擇都要付出代價 但還是要做出選擇 跳舞吧 這次用五顏六色的聲響 堆砌出面向未知的那條路
「 這條路有許多美景 壓死了好多條命 那船下有許多的魚 裝滿就回不去 」 ——- <Roadkill>
➲ Credit ✶✧✶——————✶₊ ﾟ☽ * ₊ ⋆—//—✶✧
✶ Producer｜打倒三明治/吳征峻 WU,CHENG-CHUN ✶混音師 ｜吳征峻 WU,CHENG-CHUN ✶母帶後期製作｜顏運志GAMA ✶錄音｜顏運志 GAMA/吳征峻 WU,CHENG-CHUN ✶ Guitar / Vocal｜王欣茹 NEO WANG ✶ Beat Re-composed｜吳征鴻WU,CHENG-HONG ✶ Electric guitar｜吳征峻 WU,CHENG-CHUN ✶ Bass｜孟中飛 MENG,CHUNG-FEI ✶ illustration design｜鄺子翎 @wildroams.island","屏住呼吸潛進黑暗裡 一不小心就掉進洞裡 頭也不回一路繼續走下去 就算你死了也不會有人在意 這條路有許多美景壓死了好多條命 那船下有許多的魚裝滿就回不去 說得像跟他有關係 抓到把柄 就要判死刑 每個人的手裡都好像握有什麼東西 屏住呼吸潛進黑暗裡 一不小心就掉進洞裡 頭也不回一路繼續走下去 就算你死了也不會有人在意 這條路有許多美景壓死了好多條命 那船下有許多的魚裝滿就回不去 說得像跟他有關係 抓到把柄 就要判死刑 每個人的手裡都好像握有什麼東西 這條路有許多美景壓死了好多條命 那船下有許多的魚裝滿就回不去 說得像跟他有關係 抓到把柄 就要判死刑 每個人的手裡都好像握有什麼東西 
屏住呼吸潛進黑暗裡 一不小心就掉進洞裡 頭也不回一路繼續走下去 就算你死了也不會有人在意
這條路有許多美景壓死了好多條命 那船下有許多的魚裝滿就回不去 說得像跟他有關係 抓到把柄 就要判死刑 每個人的手裡都好像握有什麼東西
屏住呼吸潛進黑暗裡 一不小心就掉進洞裡 頭也不回一路繼續走下去 就算你死了也不會有人在意
這條路有許多美景壓死了好多條命 那船下有許多的魚裝滿就回不去 說得像跟他有關係 抓到把柄 就要判死刑 每個人的手裡都好像握有什麼東西
這條路有許多美景壓死了好多條命 那船下有許多的魚裝滿就回不去 說得像跟他有關係 抓到把柄 就要判死刑 每個人的手裡都好像握有什麼東西
留言（ 8 ） 最相關留言 所有留言
留言（ 8 ）",2026-02-25,,True,True,
2026-03-10 21:24:26,44,,,6,345,0,https://streetvoice.com/bradrlee/songs/847197/,https://streetvoice.com/bradrlee/,"https://akstatic.streetvoice.com/music_albums/br/ad/bradrlee/T3ZVxNpA2fV6MHopCPSfum.jpeg?x-oss-process=image/resize,m_fixed,h_1,w_1,limit_0/resize,m_fixed,h_630,w_1200,limit_0/watermark,image_bXVzaWNfYWxidW1zL2JyL2FkL2JyYWRybGVlL1QzWlZ4TnBBMmZWNk1Ib3BDUFNmdW0uanBlZz94LW9zcy1wcm9jZXNzPWltYWdlL3Jlc2l6ZSxtX2ZpeGVkLGhfMzQ0LHdfMzQ0LGxpbWl0XzA,g_nw,x_428,y_143/watermark,image_YXNzZXQvaW1hZ2VzL21ldGFpbWFnZS1zb25nLnBuZw,g_nw,x_0,y_0",@bradrlee,音樂人,台北市,2017-11-01,2021-06-09 13:29,,,,,https://www.instagram.com/bradduniverse/,https://www.youtube.com/user/StreetVoiceTV,R&B / Soul,Friendly Singing Neighbor,https://streetvoice.com/bradrlee/songs/album/97324805/,,,"girls, So many girls Messing up my head, flipping up my world Pretty face, bad intentions She texts late, so I got no explanation Red nails, black dress Saying she's different, but still a mess Cold eyes and sweet lies Pull me deep, and then she cut the ties cause I want you baby can’t have you in and out of my life cause I need you baby can’t have you in and out of my life cause I want you baby can’t have you in and out of my life cause I need you baby can’t have you in and out of my life I don’t know why everyone around me is telling me to play it cool oh there something bout the way you say my name that makes me wanna break the rules cuz baby I’ve been feeling hot tonight oh baby just call me when the mood feels right cause I want you baby can’t have you in and out of my life cause I need you baby can’t have you in and out of my life cause I want you baby can’t have you in and out of my life cause I need you baby can’t have you in and out of my life if you’re really tryna start a fire just tell me babe what you’re tryna do there’s something in the way you bite your lip that makes me wanna taste the truth cuz baby I never learned to play it nice and maybe we can slow it down and dim the lights cause I want you baby can’t have you in and out of my life cause I need you baby can’t have you in and out of my life cause I want you baby can’t have you in and out of my life cause I need you baby can’t have you in and out of my life 
girls, So many girls Messing up my head, flipping up my world Pretty face, bad intentions She texts late, so I got no explanation Red nails, black dress Saying she's different, but still a mess Cold eyes and sweet lies Pull me deep, and then she cut the ties cause I want you baby can’t have you in and out of my life cause I need you baby can’t have you in and out of my life
cause I want you baby can’t have you in and out of my life cause I need you baby can’t have you in and out of my life I don’t know why everyone around me is telling me to play it cool oh there something bout the way you say my name that makes me wanna break the rules cuz baby I’ve been feeling hot tonight oh baby just call me when the mood feels right
cause I want you baby can’t have you in and out of my life cause I need you baby can’t have you in and out of my life cause I want you baby can’t have you in and out of my life cause I need you baby can’t have you in and out of my life if you’re really tryna start a fire just tell me babe what you’re tryna do there’s something in the way you bite your lip that makes me wanna taste the truth cuz baby I never learned to play it nice and maybe we can slow it down and dim the lights
cause I want you baby can’t have you in and out of my life cause I need you baby can’t have you in and out of my life
cause I want you baby can’t have you in and out of my life cause I need you baby can’t have you in and out of my life
留言（ 0 ） 最相關留言 所有留言
留言（ 0 ）",2026-02-27,,True,True,
2026-03-10 21:24:26,45,,,0,6,0,https://streetvoice.com/azrilanb112/songs/848293/,https://streetvoice.com/azrilanb112/,"https://akstatic.streetvoice.com/profile_images/az/ri/azrilanb112/h7y6ss9cM88BHQ9nermV3r.jpg?x-oss-process=image/resize,m_fixed,h_1,w_1,limit_0/resize,m_fixed,h_630,w_1200,limit_0/watermark,image_cHJvZmlsZV9pbWFnZXMvYXovcmkvYXpyaWxhbmIxMTIvaDd5NnNzOWNNODhCSFE5bmVybVYzci5qcGc_eC1vc3MtcHJvY2Vzcz1pbWFnZS9yZXNpemUsbV9maXhlZCxoXzM0NCx3XzM0NCxsaW1pdF8w,g_nw,x_428,y_143/watermark,image_YXNzZXQvaW1hZ2VzL21ldGFpbWFnZS1zb25nLnBuZw,g_nw,x_0,y_0",@azrilanb112,音樂人,新北市,2020-08-01,2024-03-27 11:56,5,86,18,,https://www.instagram.com/azri.lan._,https://youtube.com/@lan9059,Hip hop / Rap,,,,"去年九月的東西，舊歌補檔湊活一下 感謝ZENBØ老哥發這個活動給大家玩 詞曲：嚴嵐 錄混&Adlib：sfy 
去年九月的東西，舊歌補檔湊活一下 感謝ZENBØ老哥發這個活動給大家玩 詞曲：嚴嵐 錄混&Adlib：sfy","錢多但事少少 只要錢多 什麼疑難雜症都治好好 公事先往後延 今天講究點 要吃什麼吃飽飽 懶得精打細算思考考 問什麼 都不知曉曉 不帶腦袋 上班要錢多但我的職位最好位職小小 那是我的願望 ADHD會讓我健忘 所以要別拿工作煩我 我會變嗆 如果可以在家工作我要選擇線上 結果在家偷偷上線 雙螢幕上動畫瘋和死人棋 躺在眠豆腐上離不開 床一步 像童話中的私等席 錢多事少離家近 呼吸新鮮的空氣 說真的感覺好開心 小市民的小確幸 錢多事少離家近 培養個有錢人興趣 童話色的信用卡 劃開你平庸的面具 錢多事少離家近 錢多事少離家近 錢多事少離家近 錢多事少離家近 
錢多但事少少 只要錢多 什麼疑難雜症都治好好 公事先往後延 今天講究點 要吃什麼吃飽飽
懶得精打細算思考考 問什麼 都不知曉曉 不帶腦袋 上班要錢多但我的職位最好位職小小
那是我的願望 ADHD會讓我健忘 所以要別拿工作煩我 我會變嗆 如果可以在家工作我要選擇線上
結果在家偷偷上線 雙螢幕上動畫瘋和死人棋 躺在眠豆腐上離不開 床一步 像童話中的私等席
錢多事少離家近 呼吸新鮮的空氣 說真的感覺好開心 小市民的小確幸 錢多事少離家近 培養個有錢人興趣 童話色的信用卡 劃開你平庸的面具
錢多事少離家近 錢多事少離家近 錢多事少離家近 錢多事少離家近
留言（ 0 ） 最相關留言 所有留言
留言（ 0 ）",2026-03-09,,False,False,
2026-03-10 21:24:26,46,,,1,7,1,https://streetvoice.com/VOYang/songs/848291/,https://streetvoice.com/VOYang/,"https://akstatic.streetvoice.com/music_albums/VO/Ya/VOYang/36AAf8eSM7xTsQukLMXYGw.jpeg?x-oss-process=image/resize,m_fixed,h_1,w_1,limit_0/resize,m_fixed,h_630,w_1200,limit_0/watermark,image_bXVzaWNfYWxidW1zL1ZPL1lhL1ZPWWFuZy8zNkFBZjhlU003eFRzUXVrTE1YWUd3LmpwZWc_eC1vc3MtcHJvY2Vzcz1pbWFnZS9yZXNpemUsbV9maXhlZCxoXzM0NCx3XzM0NCxsaW1pdF8w,g_nw,x_428,y_143/watermark,image_YXNzZXQvaW1hZ2VzL21ldGFpbWFnZS1zb25nLnBuZw,g_nw,x_0,y_0",@VOYang,音樂人,,,,30,6,4,,,https://www.youtube.com/user/StreetVoiceTV,Hip hop / Rap,PRISM,https://streetvoice.com/VOYang/songs/album/97324735/,,"徹底撕下乖乖牌的標籤，這是一首極具破壞力與叛逆色彩的主題曲。調性深沉、極具侵略性，散發著讓人無法忽視的強大氣場。歌曲帶給聽眾一種撕裂虛偽、重寫善惡劇本的痛快感，彷彿賦予了聽者化身為迷人反派的勇氣。在極致沉重的節奏轟炸下，展現出不被任何人定義的傲骨與帥氣，讓人大呼過癮。 © ℗ Copyright LIN CHI YANG 2026年1月12日發行 
徹底撕下乖乖牌的標籤，這是一首極具破壞力與叛逆色彩的主題曲。調性深沉、極具侵略性，散發著讓人無法忽視的強大氣場。歌曲帶給聽眾一種撕裂虛偽、重寫善惡劇本的痛快感，彷彿賦予了聽者化身為迷人反派的勇氣。在極致沉重的節奏轟炸下，展現出不被任何人定義的傲骨與帥氣，讓人大呼過癮。
© ℗ Copyright LIN CHI YANG 2026年1月12日發行","Yeah, we the villains Breaking the ceiling 這劇本太無聊 Time to rewrite the show. Watch out 別想定義我 I'm not your hero 乖乖牌的戲碼 早就歸 zero 眼神銳利 劃破你的偽裝 我的存在 本身就是重傷 不需要披風 也不需要讚美 在黑暗中盛開 帶刺的玫瑰 警報聲響起 危險等級 max So true 規則被粉碎 秩序在崩潰 準備好面對 這失控的派對 Three, Two, One, Break it! We the villains, breaking the ceiling 別想定義我 善惡的劇本重寫過 We the villains, got no feeling 摧毀你的幻想 這是我的王國 Welcome to the dark side. Villains! Click clack, trigger pulled, 動作太過 bold 誰說主角一定要 wear the gold? No 我是反派 也是主宰 master of the game 點燃這場戰火 remember my name 虛偽的面具 全部都撕碎 站在廢墟之上 I'm on my way 警報聲響起 危險等級 max So true 規則被粉碎 秩序在崩潰 準備好面對 這失控的派對 Go! We the villains, breaking the ceiling 別想定義我 善惡的劇本重寫過 We the villains, got no feeling 摧毀你的幻想 這是我的王國 Welcome to the dark side. Villains! 別害怕黑夜 的擁抱 Embrace it 在那陰影裡 我們才閃耀 Shining 徹底的破壞 是為了重生 這就是我的 獲勝劇本 We run this town We run this town Bow down now We the villains, breaking the ceiling 別想定義我 善惡的劇本重寫過 We the villains, got no feeling 摧毀你的幻想 這是我的王國 Welcome to the dark side. Villains The End? Nah. Just begun. 
Yeah, we the villains Breaking the ceiling 這劇本太無聊 Time to rewrite the show. Watch out
別想定義我 I'm not your hero 乖乖牌的戲碼 早就歸 zero 眼神銳利 劃破你的偽裝 我的存在 本身就是重傷 不需要披風 也不需要讚美 在黑暗中盛開 帶刺的玫瑰
警報聲響起 危險等級 max So true 規則被粉碎 秩序在崩潰 準備好面對 這失控的派對 Three, Two, One, Break it!
We the villains, breaking the ceiling 別想定義我 善惡的劇本重寫過 We the villains, got no feeling 摧毀你的幻想 這是我的王國 Welcome to the dark side. Villains!
Click clack, trigger pulled, 動作太過 bold 誰說主角一定要 wear the gold? No 我是反派 也是主宰 master of the game 點燃這場戰火 remember my name 虛偽的面具 全部都撕碎 站在廢墟之上 I'm on my way
警報聲響起 危險等級 max So true 規則被粉碎 秩序在崩潰 準備好面對 這失控的派對 Go!
We the villains, breaking the ceiling 別想定義我 善惡的劇本重寫過 We the villains, got no feeling 摧毀你的幻想 這是我的王國 Welcome to the dark side. Villains!
別害怕黑夜 的擁抱 Embrace it 在那陰影裡 我們才閃耀 Shining 徹底的破壞 是為了重生 這就是我的 獲勝劇本
We run this town We run this town Bow down now
We the villains, breaking the ceiling 別想定義我 善惡的劇本重寫過 We the villains, got no feeling 摧毀你的幻想 這是我的王國 Welcome to the dark side.
Villains The End? Nah. Just begun.
留言（ 1 ） 最相關留言 所有留言
留言（ 1 ）",2026-03-09,,False,False,
2026-03-10 21:24:26,47,,,1,11,0,https://streetvoice.com/sandwichfail/songs/848281/,https://streetvoice.com/sandwichfail/,"https://akstatic.streetvoice.com/music_albums/sa/nd/sandwichfail/hznJQdevbhyMKWv6SUprzD.jpeg?x-oss-process=image/resize,m_fixed,h_1,w_1,limit_0/resize,m_fixed,h_630,w_1200,limit_0/watermark,image_bXVzaWNfYWxidW1zL3NhL25kL3NhbmR3aWNoZmFpbC9oem5KUWRldmJoeU1LV3Y2U1VwcnpELmpwZWc_eC1vc3MtcHJvY2Vzcz1pbWFnZS9yZXNpemUsbV9maXhlZCxoXzM0NCx3XzM0NCxsaW1pdF8w,g_nw,x_428,y_143/watermark,image_YXNzZXQvaW1hZ2VzL21ldGFpbWFnZS1zb25nLnBuZw,g_nw,x_0,y_0",@sandwichfail,音樂人,台南市,2019-04-01,2021-04-22 10:57,28,5580,,https://www.facebook.com/sandwichfail,https://www.instagram.com/sandwich_fail/,https://youtu.be/5dm_6cIaHIg,Alternative,這條路有許多美景 Life of Subway,https://streetvoice.com/sandwichfail/songs/album/97324851/,,,"把每分每秒全都劃分 不能在街上恣意擁吻 設定一次只愛一個人 維持世界和平的抗衡 你說現階段過的人生 沒辦法讓你感到快樂 不停挖掘悲痛的苦 任何聲音都只是附和 當你看著不同的人說不一樣的話 和平的你仍在深夜裡背對著絕望 沒有什麼是不可能的 不可能的事並沒有什麼 沒有什麼是不可能的 不可能的事並沒有什麼 沒有什麼是不可能的 不可能的事並沒有什麼 沒有什麼是不可能的 沒有什麼是... 當你看著不同的人說一樣的話 和平的你仍在深夜背對著絕望 
把每分每秒全都劃分 不能在街上恣意擁吻 設定一次只愛一個人 維持世界和平的抗衡
你說現階段過的人生 沒辦法讓你感到快樂 不停挖掘悲痛的苦 任何聲音都只是附和
當你看著不同的人說不一樣的話 和平的你仍在深夜裡背對著絕望
沒有什麼是不可能的 不可能的事並沒有什麼 沒有什麼是不可能的 不可能的事並沒有什麼 沒有什麼是不可能的 不可能的事並沒有什麼 沒有什麼是不可能的 沒有什麼是... 當你看著不同的人說一樣的話 和平的你仍在深夜背對著絕望
留言（ 0 ） 最相關留言 所有留言
留言（ 0 ）",2026-03-09,,False,False,
2026-03-10 21:24:26,48,,,0,19,0,https://streetvoice.com/mcxys8zmkb/songs/848206/,https://streetvoice.com/mcxys8zmkb/,"https://akstatic.streetvoice.com/song_covers/mc/xy/mcxys8zmkb/WbyYCgQ8uXy96VEeFpDhFG.jpg?x-oss-process=image/resize,m_fixed,h_1,w_1,limit_0/resize,m_fixed,h_630,w_1200,limit_0/watermark,image_c29uZ19jb3ZlcnMvbWMveHkvbWN4eXM4em1rYi9XYnlZQ2dROHVYeTk2VkVlRnBEaEZHLmpwZz94LW9zcy1wcm9jZXNzPWltYWdlL3Jlc2l6ZSxtX2ZpeGVkLGhfMzQ0LHdfMzQ0LGxpbWl0XzA,g_nw,x_428,y_143/watermark,image_YXNzZXQvaW1hZ2VzL21ldGFpbWFnZS1zb25nLnBuZw,g_nw,x_0,y_0",@mcxys8zmkb,音樂人,嘉義市,2026-01-01,,3,,1,,,https://www.youtube.com/user/StreetVoiceTV,Folk,,,,,"這是沒有提供歌詞的歌曲
留言（ 0 ） 最相關留言 所有留言
留言（ 0 ）",2026-03-09,,False,False,
2026-03-10 21:24:26,49,,,6,113,2,https://streetvoice.com/poe3030/songs/848139/,https://streetvoice.com/poe3030/,"https://akstatic.streetvoice.com/song_covers/po/e3/poe3030/ELCDjUNbNNpWUpiehThP2k.jpeg?x-oss-process=image/resize,m_fixed,h_1,w_1,limit_0/resize,m_fixed,h_630,w_1200,limit_0/watermark,image_c29uZ19jb3ZlcnMvcG8vZTMvcG9lMzAzMC9FTENEalVOYk5OcFdVcGllaFRoUDJrLmpwZWc_eC1vc3MtcHJvY2Vzcz1pbWFnZS9yZXNpemUsbV9maXhlZCxoXzM0NCx3XzM0NCxsaW1pdF8w,g_nw,x_428,y_143/watermark,image_YXNzZXQvaW1hZ2VzL21ldGFpbWFnZS1zb25nLnBuZw,g_nw,x_0,y_0",@poe3030,音樂人,台北市,2008-11-01,,46,44,68,,,https://www.youtube.com/user/StreetVoiceTV,Electronic,,,,"最近很忙於照顧家人與上課 也好久沒有做純電音了 用了很多擬外星人跟擬電腦數據機的聲響 圖片我很喜歡 
最近很忙於照顧家人與上課 也好久沒有做純電音了 用了很多擬外星人跟擬電腦數據機的聲響 圖片我很喜歡","這是沒有提供歌詞的歌曲
留言（ 2 ） 最相關留言 所有留言
留言（ 2 ）",2026-03-08,,False,False,
2026-03-10 21:24:26,50,,,3,215,5,https://streetvoice.com/s3224hustreetvoice/songs/848029/,https://streetvoice.com/s3224hustreetvoice/,"https://akstatic.streetvoice.com/song_covers/s3/22/s3224hustreetvoice/csBYmfBy5FjekMUw2LCCbL.jpg?x-oss-process=image/resize,m_fixed,h_1,w_1,limit_0/resize,m_fixed,h_630,w_1200,limit_0/watermark,image_c29uZ19jb3ZlcnMvczMvMjIvczMyMjRodXN0cmVldHZvaWNlL2NzQlltZkJ5NUZqZWtNVXcyTENDYkwuanBnP3gtb3NzLXByb2Nlc3M9aW1hZ2UvcmVzaXplLG1fZml4ZWQsaF8zNDQsd18zNDQsbGltaXRfMA,g_nw,x_428,y_143/watermark,image_YXNzZXQvaW1hZ2VzL21ldGFpbWFnZS1zb25nLnBuZw,g_nw,x_0,y_0",@s3224hustreetvoice,音樂人,澎湖縣,2026-02-01,,5,6,9,,,https://www.youtube.com/user/StreetVoiceTV,Experimental,,,,,"[intro] [verse] 讀書可貴永不忘 書中自有顏如玉香 莫要妄自菲薄慌 天生我材必發光 [pre-chorus] 吃苦耐勞向前闖 千淘萬漉雖辛忙 吹盡狂沙見金黄 [chorus] 珍惜時光莫彷徨 勸君惜取少年强 展現英雄氣軒昂 滿城盡帶黄金光 [verse] 書中自有黄金藏 天生我才不彷徨 千金散盡還復往 勸君莫惜金縷裳 [pre-chorus] 吃苦耐勞向前闖 千淘萬漉雖辛忙 吹盡狂沙見金黃 [chorus] 珍惜時光莫彷徨 勸君惜取少年强 展現英雄氣軒昂 滿城盡帶黄金光 [outro] 
[intro]
[verse] 讀書可貴永不忘 書中自有顏如玉香 莫要妄自菲薄慌 天生我材必發光
[pre-chorus] 吃苦耐勞向前闖 千淘萬漉雖辛忙 吹盡狂沙見金黄
[chorus] 珍惜時光莫彷徨 勸君惜取少年强 展現英雄氣軒昂 滿城盡帶黄金光
[verse] 書中自有黄金藏 天生我才不彷徨 千金散盡還復往 勸君莫惜金縷裳
[pre-chorus] 吃苦耐勞向前闖 千淘萬漉雖辛忙 吹盡狂沙見金黃
[chorus] 珍惜時光莫彷徨 勸君惜取少年强 展現英雄氣軒昂 滿城盡帶黄金光
[outro]
留言（ 5 ） 最相關留言 所有留言
留言（ 5 ）",2026-03-07,,False,False,
